 #eV,sig_abs,sig_scatt,sig_tot
    1.9419801980E+00    1.7113123579E-09    1.7789060916E+19    1.7789060916E+19    4.0867736574E-10    1.0619489763E-09    2.1333433331E-18   -3.0992077228E-19
    1.9439603960E+00    3.0505187400E-09    5.3885784245E+19    5.3885784245E+19    4.0456468212E-10    1.8621039016E-09    2.0388367644E-18   -4.0402366676E-19
    1.9459405941E+00    1.6581764033E-09    1.7684388144E+19    1.7684388144E+19    1.2228411320E-11    9.8374244162E-10    1.7750838480E-18   -6.1014308996E-19
    1.9479207921E+00    7.0994804774E-10    4.1192025087E+18    4.1192025087E+18    3.7753107309E-10    2.5090193238E-10    1.6418284663E-18   -7.2705616089E-19
    1.9499009901E+00    2.2286640560E-09    2.9659328332E+19    2.9659328332E+19    4.0636535345E-10    1.1497505994E-09    1.5852639195E-18   -8.6068379608E-19
    1.9518811881E+00   -1.1039549014E-09    7.5663580837E+18    7.5663580837E+18   -1.8398582620E-10   -5.0127450264E-10    1.2939879713E-18   -8.8380757763E-19
    1.9538613861E+00    1.6804249600E-09    2.0539536834E+19    2.0539536834E+19    1.4527545979E-10    8.6123317583E-10    1.2634370492E-18   -9.1303499425E-19
    1.9558415842E+00    1.0190079547E-09    7.8036031939E+18    7.8036031939E+18    4.1669712372E-10    8.0247778342E-11    7.7304114752E-19   -9.5829094565E-19
    1.9578217822E+00    3.2706887895E-09    6.2959186597E+19    6.2959186597E+19    1.0087814456E-09    9.2885913694E-10    9.9980685665E-19   -9.8508359355E-19
    1.9598019802E+00   -2.5275110202E-10    3.0099565097E+18    3.0099565097E+18    4.9350416826E-11   -2.1569374632E-10    5.7407069170E-19   -8.6467171552E-19
    1.9617821782E+00    1.4706699781E-09    1.3026158914E+19    1.3026158914E+19    5.0331261647E-10    1.9525844698E-10    6.0179432113E-19   -1.0609380500E-18
    1.9637623762E+00    1.6413806305E-09    1.5975397091E+19    1.5975397091E+19    4.7127843127E-10    1.6300634467E-10    3.9190497332E-19   -9.4108766518E-19
    1.9657425743E+00    1.3008953507E-09    1.1904230054E+19    1.1904230054E+19    3.4336662345E-10    3.0309341505E-10    3.3535642689E-19   -1.0337919466E-18
    1.9677227723E+00    1.3758083280E-09    1.1290817527E+19    1.1290817527E+19    4.6454245020E-10    1.5900114641E-10    4.7259771848E-19   -1.1016815076E-18
    1.9697029703E+00   -1.3309754123E-10    5.5125339639E+18    5.5125339639E+18    6.3965023858E-11   -2.6982097799E-10    3.5235831026E-19   -9.0467929358E-19
    1.9716831683E+00    5.7628582127E-09    4.6198302980E+20    4.6198302980E+20    1.3224987672E-09    1.7606834678E-09    5.8190057230E-20   -8.4186442346E-19
    1.9736633663E+00    1.6622994587E-09    1.9287455167E+19    1.9287455167E+19    4.7291330829E-10    6.4854480182E-11   -2.2589636451E-19   -8.6816042227E-19
    1.9756435644E+00    9.9723693524E-10    1.0924137335E+19    1.0924137335E+19    3.3250259001E-10   -1.4344102381E-10    2.9683959734E-19   -8.5608315102E-19
    1.9776237624E+00    1.1872214286E-09    8.4569832482E+18    8.4569832482E+18    3.2415509169E-10    6.5904630778E-12   -1.7181831641E-20   -9.2371173877E-19
    1.9796039604E+00    2.3772373745E-10    3.4522877424E+17    3.4522877424E+17    6.3267876424E-11    1.8481566530E-11    1.4114999692E-19   -9.2068767107E-19
    1.9815841584E+00    3.6802379495E-09    1.3415080198E+20    1.3415080198E+20    8.4780950947E-10    3.7922634030E-11   -3.6041446019E-19   -4.9165270747E-19
    1.9835643564E+00   -1.4030535668E-09    3.5186410491E+20    3.5186410491E+20   -4.1045906759E-10   -1.2946031017E-09   -7.3665296375E-20   -5.9906207100E-19
    1.9855445545E+00    4.6967501600E-10    1.7794357544E+18    1.7794357544E+18    6.4750721973E-11   -8.2512640443E-11   -2.4378242777E-19   -6.0986642390E-19
    1.9875247525E+00    1.0646779675E-09    7.8969832049E+18    7.8969832049E+18    6.4514437045E-11   -1.3567109388E-10   -3.0693537671E-19   -3.2557011149E-19
    1.9895049505E+00    2.2223724700E-09    5.8066507749E+19    5.8066507749E+19    4.6753206510E-10    1.4579459624E-10   -2.4285244797E-19   -4.8117693875E-19
    1.9914851485E+00    1.9375233122E-10    9.2240795042E+19    9.2240795042E+19    5.7423828190E-10    4.8204063034E-10   -4.8083527201E-19   -4.4622126796E-19
    1.9934653465E+00    7.2252635230E-10    3.7026924588E+18    3.7026924588E+18    1.3391886294E-10   -4.0772486744E-11   -3.8590426536E-19   -4.7570044180E-19
    1.9954455446E+00   -4.0938580073E-09    6.9706342019E+20    6.9706342019E+20    1.3102908613E-09    1.3209215132E-09   -5.4842079647E-19   -2.2957903095E-19
    1.9974257426E+00    5.2792204148E-09    2.3650829346E+20    2.3650829346E+20    3.9025731967E-10   -1.0219512663E-09   -3.6323978556E-19   -4.7919612397E-19
    1.9994059406E+00    2.2431507687E-09    3.4248104774E+19    3.4248104774E+19    2.9641922854E-10   -2.1384052545E-10   -4.2945171298E-19   -3.0890503462E-19
    2.0013861386E+00    2.8773507410E-09    5.4852200584E+19    5.4852200584E+19    4.4831508025E-10   -4.8158224818E-10   -6.7072559673E-19   -3.4437217525E-19
    2.0033663366E+00    1.1016819233E-09    1.6702849980E+19    1.6702849980E+19    2.8297299985E-10   -1.1965562288E-11   -4.5459304331E-19   -3.7501700233E-19
    2.0053465347E+00    2.4610391680E-09    3.9245264307E+19    3.9245264307E+19    1.2640057607E-10   -3.7274794413E-10   -5.3249845501E-19   -5.5037296479E-20
    2.0073267327E+00    1.6421119352E-09    2.4143427468E+19    2.4143427468E+19    2.2055835557E-10   -4.2248664881E-10   -8.2307286217E-19    9.0951912874E-20
    2.0093069307E+00    6.1247336211E-10    6.8411732801E+18    6.8411732801E+18    1.2305143291E-10   -2.0716783125E-11   -3.6662114622E-19   -1.7927412114E-19
    2.0112871287E+00    1.2368469437E-09    1.3525884005E+19    1.3525884005E+19   -7.5628413369E-11   -1.6731539701E-10   -4.2284093252E-19   -6.5721373481E-20
    2.0132673267E+00    8.3868644519E-10    4.6132312408E+18    4.6132312408E+18    1.2264223219E-11   -1.4533281000E-10   -5.5407563121E-19   -1.8189535143E-19
    2.0152475248E+00    8.4831277675E-10    5.5916344046E+18    5.5916344046E+18    3.6749020947E-11   -2.1694190563E-10   -7.6608959641E-19    2.3282749208E-19
    2.0172277228E+00    1.5949140228E-09    1.5257193587E+20    1.5257193587E+20    2.3445741274E-10   -6.4271837399E-10   -2.9954083029E-19    3.7191590341E-19
    2.0192079208E+00   -2.6158017346E-10    2.6864836573E+19    2.6864836573E+19   -3.1632856072E-10    4.8795296519E-11   -5.3327431776E-19    1.4182162208E-20
    2.0211881188E+00    2.5276938697E-09    1.0039296934E+20    1.0039296934E+20   -2.6242382212E-10   -1.0467347082E-10   -2.3292195108E-19    7.2921919046E-20
    2.0231683168E+00    1.3251724485E-08    1.2425188182E+21    1.2425188182E+21   -9.6721462281E-10   -5.1069043851E-10   -1.9857312100E-19    1.8162274879E-19
    2.0251485149E+00   -2.2299615998E-11    3.3268944649E+16    3.3268944649E+16   -9.0580839540E-12   -1.6071207726E-12   -3.8731603209E-19   -2.0512040095E-19
    2.0271287129E+00   -1.2387708749E-11    2.7413092063E+19    2.7413092063E+19    2.8143851314E-10    3.9440313992E-12   -4.6804221361E-19   -3.7803851562E-21
    2.0291089109E+00    1.7585946331E-09    6.6466326918E+19    6.6466326918E+19   -3.7880207964E-12   -6.8415612989E-10   -3.9317032559E-19    6.1754727114E-19
    2.0310891089E+00    7.5998301107E-12    7.2333466352E+18    7.2333466352E+18    1.3351552460E-10   -6.9222236359E-11   -4.3550689888E-19    2.2188135275E-19
    2.0330693069E+00    4.0417873478E-10    7.1305003226E+19    7.1305003226E+19    1.2559954643E-10   -4.7841406237E-10   -1.8907443688E-19    4.7687753050E-19
    2.0350495050E+00    2.5607408905E-09    8.4046641470E+19    8.4046641470E+19    2.1001433156E-10   -2.5889576467E-10   -3.1719025389E-19    3.4683365818E-20
    2.0370297030E+00   -9.4959105295E-10    2.8982392559E+20    2.8982392559E+20   -2.2155559666E-10    3.1410000784E-10   -1.3609394067E-19    1.4451024747E-19
    2.0390099010E+00    7.9787673744E-10    7.3601281528E+18    7.3601281528E+18   -1.7965401985E-10    7.6911654435E-11   -2.0559798778E-19    6.0031900395E-19
    2.0409900990E+00    2.0304993992E-09    2.8607423629E+19    2.8607423629E+19   -1.1612912866E-10    1.0075218198E-11   -3.8382180483E-20    1.8848578005E-19
    2.0429702970E+00   -3.3351283082E-10    9.4105241231E+19    9.4105241231E+19   -9.9459462714E-11    5.3858667149E-10   -1.3300533996E-19    4.8123775817E-19
    2.0449504950E+00   -7.5370165122E-10    3.2792500363E+19    3.2792500363E+19    7.3318098163E-11    2.0545287920E-10    1.0683549161E-21    3.3752589565E-19
    2.0469306931E+00    3.5136839045E-09    9.8395351950E+19    9.8395351950E+19   -3.7556032197E-10   -8.1010794302E-10   -5.0232225206E-19    6.2153263779E-19
    2.0489108911E+00    1.1999341728E-10    4.4883686149E+18    4.4883686149E+18    2.9018348241E-11   -5.4346890714E-11   -1.5334171601E-19    2.0830953054E-19
    2.0508910891E+00   -1.7440331874E-09    3.4867807481E+19    3.4867807481E+19    2.4402153165E-10   -1.0187396089E-10   -1.2845660730E-19    3.7785832310E-19
    2.0528712871E+00    1.3611988607E-09    1.3110210564E+19    1.3110210564E+19   -1.5050114640E-10    3.1193873234E-11   -3.6400562287E-20    3.7728502143E-19
    2.0548514851E+00    1.1484850291E-08    1.4126076109E+21    1.4126076109E+21   -7.6378258041E-10    6.3790501226E-10    3.5869271672E-21    2.3684823431E-19
    2.0568316832E+00    5.1038306068E-10    2.3915510822E+18    2.3915510822E+18   -7.7295234731E-11    7.7056534346E-11    1.3226026069E-19    6.1864176890E-19
    2.0588118812E+00   -1.7460592283E-10    3.1176886033E+19    3.1176886033E+19    8.8134235511E-11    2.0148135997E-10    1.1548554084E-19    3.3433704282E-19
    2.0607920792E+00   -2.1943459948E-08    3.1854369395E+21    3.1854369395E+21    1.5479015918E-09   -4.4446758287E-10    1.0209694455E-19    2.3558408151E-19
    2.0627722772E+00   -1.2981493262E-09    7.1313173426E+19    7.1313173426E+19   -4.7909141654E-11   -1.9302431499E-10    1.2791885084E-19    1.6946544612E-19
    2.0647524752E+00    2.7580748371E-09    5.7229475358E+19    5.7229475358E+19   -3.8746818264E-10    1.8184675748E-10    3.7036612196E-19    3.5216281290E-19
    2.0667326733E+00   -1.6425973124E-09    2.4418210607E+19    2.4418210607E+19    1.7748600566E-10    3.7138082341E-11    1.1325608582E-19    3.1219264743E-19
    2.0687128713E+00   -7.2700126373E-10    3.6524205198E+19    3.6524205198E+19   -9.6689464832E-11   -2.4962585154E-10    2.5337321636E-19    3.1164349874E-19
    2.0706930693E+00    7.1931769125E-10    1.2215170726E+19    1.2215170726E+19    2.5764661677E-11    1.4154079490E-10    2.5096128000E-19    2.7725155629E-19
    2.0726732673E+00    1.2900510579E-09    1.6239701951E+19    1.6239701951E+19   -1.3196630040E-10    1.1803955025E-11    1.9198588802E-19    2.2956652057E-19
    2.0746534653E+00   -4.3904579600E-09    2.7987522236E+20    2.7987522236E+20    5.1410277191E-10    1.9801378002E-10    1.3432438214E-19    2.6860680875E-19
    2.0766336634E+00   -2.0121798444E-09    4.4620771286E+19    4.4620771286E+19    2.6931131937E-10    3.4277760345E-11    1.9685515834E-19    3.1488055300E-19
    2.0786138614E+00   -1.6857437606E-09    2.4839747521E+19    2.4839747521E+19    4.9394705740E-11   -2.2090761831E-10    3.0836720167E-19    2.7890181551E-19
    2.0805940594E+00    2.6712252647E-09    2.5142065098E+20    2.5142065098E+20   -4.4352091337E-10    3.5821683221E-10    3.2104533675E-19   -7.5400854855E-20
    2.0825742574E+00   -2.0913277677E-08    4.0713798678E+21    4.0713798678E+21    1.8162851352E-09   -2.4883657838E-10    1.7024094599E-19    2.0180714201E-19
    2.0845544554E+00   -1.3523630185E-09    3.4917064169E+19    3.4917064169E+19    4.1146517012E-10   -1.7322953410E-10    6.7678667609E-19    1.6071270062E-19
    2.0865346535E+00    2.1671532341E-09    4.8402381187E+19    4.8402381187E+19   -1.3549634656E-10    1.7565021599E-10    2.9406844110E-19    6.1661190200E-21
    2.0885148515E+00    6.8075083669E-09    3.3140475469E+20    3.3140475469E+20    2.0183910877E-10    1.8079494756E-10    1.1497912243E-19   -7.5525327847E-20
    2.0904950495E+00    6.5517569248E-09    3.3602601454E+20    3.3602601454E+20   -9.9860297144E-11    3.8060554559E-10    1.5858977909E-19    1.1981427290E-19
    2.0924752475E+00    4.0929865660E-10    1.4202876572E+18    1.4202876572E+18    2.7441363589E-11    3.9880919837E-11    3.7375613756E-19   -4.8104023360E-20
    2.0944554455E+00    1.4815410839E-09    1.2758422790E+21    1.2758422790E+21   -9.8213908046E-11   -4.0249776153E-10    1.4147386864E-20    1.0687685359E-19
    2.0964356436E+00   -6.2244489601E-12    9.6150142833E+18    9.6150142833E+18   -9.9768982020E-11    9.5730797025E-11    2.9812006624E-19   -2.8905092115E-19
    2.0984158416E+00    1.1168483998E-11    3.5738484114E+19    3.5738484114E+19    1.4577495177E-10    4.7825996992E-11    2.2786258341E-19    7.3534731883E-20
    2.1003960396E+00    1.5316034349E-08    1.7100631364E+21    1.7100631364E+21    5.2611279869E-10    2.0174548496E-10    7.6033671245E-20   -1.0218156691E-19
    2.1023762376E+00   -3.1262596020E-10    1.6039719246E+19    1.6039719246E+19    1.2497796062E-10    1.1315886830E-10    2.3240666364E-19    3.1844964180E-19
    2.1043564356E+00   -1.8080874333E-10    3.3542623480E+21    3.3542623480E+21    3.8253448300E-10    1.3398852882E-10    6.1794102790E-20    2.2210045857E-20
    2.1063366337E+00   -3.9447448788E-10    7.3783518949E+18    7.3783518949E+18    3.8755305171E-11   -4.2955914175E-11    1.8041804571E-19   -8.6815534936E-20
    2.1083168317E+00   -4.9740674373E-09    2.6834675751E+20    2.6834675751E+20   -1.8201083007E-10   -5.8223829320E-10    2.0138331333E-19   -2.8713923647E-19
    2.1102970297E+00   -1.2549664334E-09    3.0702390429E+19    3.0702390429E+19   -1.8822427203E-10    2.4193857289E-10    1.4712769290E-20   -5.2178971682E-19
    2.1122772277E+00   -2.5167225352E-09    4.7366872468E+19    4.7366872468E+19   -2.6396777192E-10   -1.5853388030E-10    3.1455891406E-19   -2.8273035359E-19
    2.1142574257E+00    6.0876169836E-10    4.0105846359E+20    4.0105846359E+20    2.8991696215E-10   -1.5702524695E-10    1.3077025388E-19   -8.4933744846E-20
    2.1162376238E+00    1.3864970289E-09    2.9795039364E+19    2.9795039364E+19    1.0529630573E-10    8.0574654539E-11    2.2984609374E-19   -1.7206069172E-20
    2.1182178218E+00    3.6682055523E-09    1.1087532717E+20    1.1087532717E+20   -4.9501361782E-11    1.5017035768E-10    1.4202797224E-19   -1.4405522867E-20
    2.1201980198E+00   -1.4789595336E-09    3.6804423343E+19    3.6804423343E+19   -1.0871425294E-11   -1.8397389285E-10    1.7165265624E-19   -2.3292015340E-19
    2.1221782178E+00   -4.3445802002E-09    8.3203774946E+20    8.3203774946E+20   -6.4210655838E-10    3.0624016136E-10    1.5501003878E-19   -1.7707641478E-19
    2.1241584158E+00   -4.2569863886E-09    1.3203515678E+20    1.3203515678E+20   -5.6160921916E-10    1.9092694647E-10   -4.8808657300E-20   -4.9109749239E-19
    2.1261386139E+00    2.7643991216E-09    1.4847036129E+21    1.4847036129E+21    8.4940785027E-11    2.0370272033E-10   -1.1174968128E-20   -5.3710383344E-20
    2.1281188119E+00    5.0207201392E-09    6.1277428992E+20    6.1277428992E+20    4.2025306508E-10   -5.7226277219E-10    1.9207777473E-20   -2.7455404143E-19
    2.1300990099E+00   -4.4474958265E-10    4.4773085188E+19    4.4773085188E+19   -5.2308638234E-12    3.1328303926E-10   -7.1473673254E-20   -4.4446121597E-19
    2.1320792079E+00   -2.1918229111E-09    1.7158758016E+20    1.7158758016E+20   -4.1755993356E-10   -9.2905120563E-10    2.6146591115E-20   -7.4848099102E-19
    2.1340594059E+00    6.0533906100E-09    2.9391040235E+20    2.9391040235E+20    2.4699374065E-10   -4.0789134348E-10   -1.6394157079E-19   -2.1250486031E-19
    2.1360396040E+00    8.6944187512E-10    5.2896681644E+18    5.2896681644E+18    5.8696433313E-11   -4.2181775340E-11   -1.8575100063E-19   -2.4042537666E-19
    2.1380198020E+00   -4.9027467231E-09    1.7096113465E+20    1.7096113465E+20   -3.8326762903E-10   -2.8262574187E-10    2.4307808971E-19   -2.5561804423E-19
