 #Time,Populations
      3.33333333E-12       1.0000000          5.46017306E-05      6.27606092E-05      5.46017306E-05      5.71481522E-08      6.57127994E-08      5.71481522E-08      0.99982786    
      6.66666667E-12       1.0000000          1.09079980E-04      1.25379284E-04      1.09079981E-04      2.28212065E-07      2.62514530E-07      2.28212065E-07      0.99965574    
      1.00000000E-11       1.0000000          1.63435165E-04      1.87856502E-04      1.63435165E-04      5.12622744E-07      5.89901539E-07      5.12622745E-07      0.99948366    
      1.33333333E-11      0.99999999          2.17667697E-04      2.50192737E-04      2.17667699E-04      9.09813616E-07      1.04737196E-06      9.09813620E-07      0.99931160    
      1.66666667E-11      0.99999999          2.71777989E-04      3.12388461E-04      2.71777993E-04      1.41922052E-06      1.63442572E-06      1.41922053E-06      0.99913958    
      2.00000000E-11      0.99999999          3.25766452E-04      3.74444147E-04      3.25766458E-04      2.04028169E-06      2.35056451E-06      2.04028171E-06      0.99896759    
      2.33333333E-11      0.99999999          3.79633494E-04      4.36360265E-04      3.79633504E-04      2.77243776E-06      3.19529181E-06      2.77243780E-06      0.99879563    
      2.66666667E-11      0.99999999          4.33379522E-04      4.98137281E-04      4.33379537E-04      3.61513175E-06      4.16811286E-06      3.61513181E-06      0.99862371    
      3.00000000E-11      0.99999999          4.87004942E-04      5.59775663E-04      4.87004963E-04      4.56780902E-06      5.26853464E-06      4.56780912E-06      0.99845181    
      3.33333333E-11      0.99999998          5.40510158E-04      6.21275876E-04      5.40510187E-04      5.62991734E-06      6.49606592E-06      5.62991749E-06      0.99827995    
      3.66666667E-11      0.99999998          5.93895572E-04      6.82638382E-04      5.93895611E-04      6.80090679E-06      7.85021719E-06      6.80090701E-06      0.99810812    
      4.00000000E-11      0.99999998          6.47161586E-04      7.43863644E-04      6.47161636E-04      8.08022980E-06      9.33050068E-06      8.08023012E-06      0.99793632    
      4.33333333E-11      0.99999998          7.00308598E-04      8.04952121E-04      7.00308662E-04      9.46734117E-06      1.09364304E-05      9.46734160E-06      0.99776456    
      4.66666667E-11      0.99999998          7.53337006E-04      8.65904272E-04      7.53337086E-04      1.09616980E-05      1.26675220E-05      1.09616985E-05      0.99759283    
      5.00000000E-11      0.99999998          8.06247206E-04      9.26720554E-04      8.06247304E-04      1.25627596E-05      1.45232929E-05      1.25627604E-05      0.99742114    
      5.33333333E-11      0.99999997          8.59039593E-04      9.87401421E-04      8.59039712E-04      1.42699878E-05      1.65032623E-05      1.42699888E-05      0.99724948    
      5.66666667E-11      0.99999997          9.11714560E-04      1.04794733E-03      9.11714703E-04      1.60828465E-05      1.86069511E-05      1.60828478E-05      0.99707785    
      6.00000000E-11      0.99999997          9.64272499E-04      1.10835873E-03      9.64272668E-04      1.80008021E-05      2.08338817E-05      1.80008037E-05      0.99690626    
      6.33333333E-11      0.99999997          1.01671380E-03      1.16863607E-03      1.01671400E-03      2.00233231E-05      2.31835785E-05      2.00233251E-05      0.99673471    
      6.66666667E-11      0.99999997          1.06903885E-03      1.22877980E-03      1.06903908E-03      2.21498803E-05      2.56555673E-05      2.21498828E-05      0.99656319    
      7.00000000E-11      0.99999997          1.12124804E-03      1.28879037E-03      1.12124830E-03      2.43799469E-05      2.82493759E-05      2.43799498E-05      0.99639170    
      7.33333333E-11      0.99999996          1.17334174E-03      1.34866822E-03      1.17334205E-03      2.67129981E-05      3.09645336E-05      2.67130016E-05      0.99622026    
      7.66666667E-11      0.99999996          1.22532036E-03      1.40841380E-03      1.22532071E-03      2.91485115E-05      3.38005712E-05      2.91485157E-05      0.99604885    
      8.00000000E-11      0.99999996          1.27718426E-03      1.46802756E-03      1.27718466E-03      3.16859670E-05      3.67570216E-05      3.16859720E-05      0.99587747    
      8.33333333E-11      0.99999996          1.32893384E-03      1.52750992E-03      1.32893429E-03      3.43248465E-05      3.98334190E-05      3.43248523E-05      0.99570614    
      8.66666667E-11      0.99999996          1.38056946E-03      1.58686134E-03      1.38056996E-03      3.70646343E-05      4.30292994E-05      3.70646411E-05      0.99553484    
      9.00000000E-11      0.99999996          1.43209151E-03      1.64608225E-03      1.43209207E-03      3.99048168E-05      4.63442005E-05      3.99048247E-05      0.99536358    
      9.33333333E-11      0.99999995          1.48350036E-03      1.70517308E-03      1.48350099E-03      4.28448826E-05      4.97776614E-05      4.28448917E-05      0.99519236    
      9.66666667E-11      0.99999995          1.53479640E-03      1.76413428E-03      1.53479709E-03      4.58843225E-05      5.33292233E-05      4.58843330E-05      0.99502117    
      1.00000000E-10      0.99999995          1.58597998E-03      1.82296627E-03      1.58598075E-03      4.90226295E-05      5.69984285E-05      4.90226415E-05      0.99485003    
      1.03333333E-10      0.99999995          1.63705149E-03      1.88166948E-03      1.63705233E-03      5.22592988E-05      6.07848212E-05      5.22593124E-05      0.99467892    
      1.06666667E-10      0.99999995          1.68801129E-03      1.94024436E-03      1.68801222E-03      5.55938276E-05      6.46879474E-05      5.55938431E-05      0.99450786    
      1.10000000E-10      0.99999995          1.73885976E-03      1.99869132E-03      1.73886078E-03      5.90257154E-05      6.87073544E-05      5.90257329E-05      0.99433683    
      1.13333333E-10      0.99999995          1.78959726E-03      2.05701080E-03      1.78959837E-03      6.25544638E-05      7.28425912E-05      6.25544834E-05      0.99416584    
      1.16666667E-10      0.99999994          1.84022416E-03      2.11520321E-03      1.84022537E-03      6.61795765E-05      7.70932085E-05      6.61795985E-05      0.99399489    
      1.20000000E-10      0.99999994          1.89074082E-03      2.17326899E-03      1.89074213E-03      6.99005593E-05      8.14587585E-05      6.99005838E-05      0.99382399    
      1.23333333E-10      0.99999994          1.94114761E-03      2.23120856E-03      1.94114903E-03      7.37169201E-05      8.59387950E-05      7.37169475E-05      0.99365312    
      1.26666667E-10      0.99999994          1.99144488E-03      2.28902234E-03      1.99144642E-03      7.76281691E-05      9.05328735E-05      7.76281995E-05      0.99348230    
      1.30000000E-10      0.99999994          2.04163301E-03      2.34671075E-03      2.04163467E-03      8.16338183E-05      9.52405510E-05      8.16338519E-05      0.99331151    
      1.33333333E-10      0.99999994          2.09171234E-03      2.40427421E-03      2.09171413E-03      8.57333819E-05      1.00061386E-04      8.57334191E-05      0.99314077    
      1.36666667E-10      0.99999993          2.14168324E-03      2.46171313E-03      2.14168517E-03      8.99263764E-05      1.04994939E-04      8.99264174E-05      0.99297007    
      1.40000000E-10      0.99999993          2.19154607E-03      2.51902794E-03      2.19154814E-03      9.42123200E-05      1.10040771E-04      9.42123651E-05      0.99279941    
      1.43333333E-10      0.99999993          2.24130117E-03      2.57621904E-03      2.24130339E-03      9.85907332E-05      1.15198446E-04      9.85907826E-05      0.99262880    
      1.46666667E-10      0.99999993          2.29094890E-03      2.63328685E-03      2.29095127E-03      1.03061138E-04      1.20467529E-04      1.03061193E-04      0.99245822    
      1.50000000E-10      0.99999993          2.34048962E-03      2.69023178E-03      2.34049215E-03      1.07623060E-04      1.25847585E-04      1.07623119E-04      0.99228769    
      1.53333333E-10      0.99999993          2.38992368E-03      2.74705424E-03      2.38992638E-03      1.12276025E-04      1.31338183E-04      1.12276090E-04      0.99211721    
      1.56666667E-10      0.99999992          2.43925141E-03      2.80375463E-03      2.43925429E-03      1.17019562E-04      1.36938893E-04      1.17019632E-04      0.99194676    
      1.60000000E-10      0.99999992          2.48847318E-03      2.86033338E-03      2.48847624E-03      1.21853201E-04      1.42649285E-04      1.21853277E-04      0.99177636    
      1.63333333E-10      0.99999992          2.53758933E-03      2.91679088E-03      2.53759258E-03      1.26776475E-04      1.48468932E-04      1.26776558E-04      0.99160601    
      1.66666667E-10      0.99999992          2.58660021E-03      2.97312753E-03      2.58660366E-03      1.31788919E-04      1.54397408E-04      1.31789008E-04      0.99143569    
      1.70000000E-10      0.99999992          2.63550616E-03      3.02934374E-03      2.63550981E-03      1.36890069E-04      1.60434288E-04      1.36890165E-04      0.99126543    
      1.73333333E-10      0.99999992          2.68430751E-03      3.08543991E-03      2.68431138E-03      1.42079463E-04      1.66579151E-04      1.42079567E-04      0.99109520    
      1.76666667E-10      0.99999991          2.73300463E-03      3.14141645E-03      2.73300871E-03      1.47356643E-04      1.72831573E-04      1.47356755E-04      0.99092503    
      1.80000000E-10      0.99999991          2.78159783E-03      3.19727374E-03      2.78160214E-03      1.52721151E-04      1.79191135E-04      1.52721271E-04      0.99075489    
      1.83333333E-10      0.99999991          2.83008747E-03      3.25301219E-03      2.83009202E-03      1.58172531E-04      1.85657420E-04      1.58172660E-04      0.99058481    
      1.86666667E-10      0.99999991          2.87847388E-03      3.30863219E-03      2.87847867E-03      1.63710330E-04      1.92230010E-04      1.63710468E-04      0.99041476    
      1.90000000E-10      0.99999991          2.92675740E-03      3.36413414E-03      2.92676244E-03      1.69334096E-04      1.98908489E-04      1.69334244E-04      0.99024477    
      1.93333333E-10      0.99999991          2.97493835E-03      3.41951843E-03      2.97494366E-03      1.75043379E-04      2.05692443E-04      1.75043538E-04      0.99007482    
      1.96666667E-10      0.99999990          3.02301709E-03      3.47478546E-03      3.02302267E-03      1.80837732E-04      2.12581461E-04      1.80837903E-04      0.98990492    
      2.00000000E-10      0.99999990          3.07099393E-03      3.52993560E-03      3.07099979E-03      1.86716710E-04      2.19575131E-04      1.86716891E-04      0.98973506    
      2.03333333E-10      0.99999990          3.11886921E-03      3.58496926E-03      3.11887535E-03      1.92679867E-04      2.26673044E-04      1.92680061E-04      0.98956525    
      2.06666667E-10      0.99999990          3.16664325E-03      3.63988682E-03      3.16664970E-03      1.98726762E-04      2.33874791E-04      1.98726968E-04      0.98939549    
      2.10000000E-10      0.99999990          3.21431640E-03      3.69468867E-03      3.21432315E-03      2.04856955E-04      2.41179966E-04      2.04857175E-04      0.98922578    
      2.13333333E-10      0.99999990          3.26188897E-03      3.74937519E-03      3.26189603E-03      2.11070008E-04      2.48588164E-04      2.11070241E-04      0.98905611    
      2.16666667E-10      0.99999989          3.30936129E-03      3.80394676E-03      3.30936868E-03      2.17365484E-04      2.56098981E-04      2.17365732E-04      0.98888649    
      2.20000000E-10      0.99999989          3.35673368E-03      3.85840378E-03      3.35674141E-03      2.23742949E-04      2.63712014E-04      2.23743212E-04      0.98871692    
      2.23333333E-10      0.99999989          3.40400647E-03      3.91274661E-03      3.40401454E-03      2.30201970E-04      2.71426864E-04      2.30202249E-04      0.98854740    
      2.26666667E-10      0.99999989          3.45117998E-03      3.96697564E-03      3.45118841E-03      2.36742117E-04      2.79243130E-04      2.36742412E-04      0.98837793    
      2.30000000E-10      0.99999989          3.49825453E-03      4.02109124E-03      3.49826332E-03      2.43362960E-04      2.87160414E-04      2.43363272E-04      0.98820850    
      2.33333333E-10      0.99999989          3.54523045E-03      4.07509381E-03      3.54523961E-03      2.50064072E-04      2.95178320E-04      2.50064403E-04      0.98803913    
      2.36666667E-10      0.99999988          3.59210804E-03      4.12898370E-03      3.59211759E-03      2.56845029E-04      3.03296453E-04      2.56845378E-04      0.98786980    
      2.40000000E-10      0.99999988          3.63888763E-03      4.18276129E-03      3.63889757E-03      2.63705407E-04      3.11514419E-04      2.63705775E-04      0.98770053    
      2.43333333E-10      0.99999988          3.68556953E-03      4.23642697E-03      3.68557988E-03      2.70644784E-04      3.19831825E-04      2.70645172E-04      0.98753130    
      2.46666667E-10      0.99999988          3.73215406E-03      4.28998109E-03      3.73216482E-03      2.77662740E-04      3.28248281E-04      2.77663150E-04      0.98736213    
      2.50000000E-10      0.99999988          3.77864153E-03      4.34342404E-03      3.77865271E-03      2.84758858E-04      3.36763397E-04      2.84759289E-04      0.98719300    
      2.53333333E-10      0.99999988          3.82503226E-03      4.39675618E-03      3.82504387E-03      2.91932721E-04      3.45376786E-04      2.91933175E-04      0.98702393    
      2.56666667E-10      0.99999987          3.87132655E-03      4.44997787E-03      3.87133861E-03      2.99183915E-04      3.54088059E-04      2.99184393E-04      0.98685490    
      2.60000000E-10      0.99999987          3.91752471E-03      4.50308949E-03      3.91753722E-03      3.06512028E-04      3.62896832E-04      3.06512530E-04      0.98668593    
      2.63333333E-10      0.99999987          3.96362705E-03      4.55609140E-03      3.96364004E-03      3.13916648E-04      3.71802720E-04      3.13917175E-04      0.98651700    
      2.66666667E-10      0.99999987          4.00963389E-03      4.60898396E-03      4.00964735E-03      3.21397366E-04      3.80805342E-04      3.21397920E-04      0.98634813    
      2.70000000E-10      0.99999987          4.05554552E-03      4.66176754E-03      4.05555947E-03      3.28953776E-04      3.89904316E-04      3.28954356E-04      0.98617932    
      2.73333333E-10      0.99999986          4.10136225E-03      4.71444250E-03      4.10137671E-03      3.36585471E-04      3.99099261E-04      3.36586080E-04      0.98601055    
      2.76666667E-10      0.99999986          4.14708439E-03      4.76700920E-03      4.14709936E-03      3.44292048E-04      4.08389800E-04      3.44292686E-04      0.98584183    
      2.80000000E-10      0.99999986          4.19271224E-03      4.81946800E-03      4.19272773E-03      3.52073104E-04      4.17775554E-04      3.52073772E-04      0.98567317    
      2.83333333E-10      0.99999986          4.23824610E-03      4.87181926E-03      4.23826212E-03      3.59928240E-04      4.27256149E-04      3.59928939E-04      0.98550456    
      2.86666667E-10      0.99999986          4.28368627E-03      4.92406333E-03      4.28370284E-03      3.67857057E-04      4.36831210E-04      3.67857788E-04      0.98533600    
      2.90000000E-10      0.99999986          4.32903305E-03      4.97620056E-03      4.32905018E-03      3.75859157E-04      4.46500362E-04      3.75859922E-04      0.98516750    
      2.93333333E-10      0.99999985          4.37428674E-03      5.02823133E-03      4.37430443E-03      3.83934146E-04      4.56263236E-04      3.83934945E-04      0.98499905    
      2.96666667E-10      0.99999985          4.41944763E-03      5.08015596E-03      4.41946591E-03      3.92081631E-04      4.66119459E-04      3.92082465E-04      0.98483065    
      3.00000000E-10      0.99999985          4.46451602E-03      5.13197483E-03      4.46453489E-03      4.00301218E-04      4.76068664E-04      4.00302089E-04      0.98466230    
      3.03333333E-10      0.99999985          4.50949221E-03      5.18368827E-03      4.50951169E-03      4.08592519E-04      4.86110481E-04      4.08593428E-04      0.98449401    
