 #Time,Populations
      1.00000000E-10       14.999999          1.58597947E-03      1.82296581E-03      1.58598023E-03      4.90234071E-05      5.69989204E-05      4.90234193E-05      0.99485003    
      2.00000000E-10       14.999999          3.07099302E-03      3.52993479E-03      3.07099888E-03      1.86718084E-04      2.19576017E-04      1.86718266E-04      0.98973506    
      3.00000000E-10       14.999998          4.46451482E-03      5.13197373E-03      4.46453369E-03      4.00303040E-04      4.76069859E-04      4.00303912E-04      0.98466230    
      4.00000000E-10       14.999997          5.77497606E-03      6.63905127E-03      5.77501877E-03      6.78543174E-04      8.16003857E-04      6.78545783E-04      0.97963786    
      5.00000000E-10       14.999996          7.00988462E-03      8.06014724E-03      7.00996433E-03      1.01156830E-03      1.22996742E-03      1.01157434E-03      0.97466689    
      6.00000000E-10       14.999995          8.17593087E-03      9.40335117E-03      8.17606258E-03      1.39071324E-03      1.70950898E-03      1.39072512E-03      0.96975371    
      7.00000000E-10       14.999994          9.27908121E-03      1.06759509E-02      9.27928135E-03      1.80837645E-03      2.24703973E-03      1.80839735E-03      0.96490187    
      8.00000000E-10       14.999993          1.03246608E-02      1.18845126E-02      1.03249469E-02      2.25789519E-03      2.83574696E-03      2.25792904E-03      0.96011431    
      9.00000000E-10       14.999992          1.13174267E-02      1.30349523E-02      1.13178171E-02      2.73343512E-03      3.46951609E-03      2.73348666E-03      0.95539337    
