 #Time,Populations
      6.66666667E-12       15.000000          5.92171586E-08
      1.33333333E-11       15.000000          2.36867468E-07
      2.00000000E-11       14.999999          9.47458346E-07
      2.66666667E-11       14.999998          2.13174878E-06
      3.33333333E-11       14.999996          3.78970615E-06
      4.00000000E-11       14.999994          5.92128909E-06
      4.66666667E-11       14.999991          8.52644746E-06
      5.33333333E-11       14.999988          1.16051224E-05
      6.00000000E-11       14.999985          1.51572462E-05
      6.66666667E-11       14.999981          1.91827425E-05
      7.33333333E-11       14.999976          2.36815262E-05
      8.00000000E-11       14.999971          2.86535034E-05
      8.66666667E-11       14.999966          3.40985714E-05
      9.33333333E-11       14.999960          4.00166188E-05
      1.00000000E-10       14.999954          4.64075255E-05
      1.06666667E-10       14.999947          5.32711626E-05
      1.13333333E-10       14.999939          6.06073926E-05
      1.20000000E-10       14.999932          6.84160690E-05
      1.26666667E-10       14.999923          7.66970368E-05
      1.33333333E-10       14.999915          8.54501322E-05
      1.40000000E-10       14.999905          9.46751827E-05
      1.46666667E-10       14.999896          1.04372007E-04
      1.53333333E-10       14.999885          1.14540415E-04
      1.60000000E-10       14.999875          1.25180208E-04
      1.66666667E-10       14.999864          1.36291179E-04
      1.73333333E-10       14.999852          1.47873112E-04
      1.80000000E-10       14.999840          1.59925782E-04
      1.86666667E-10       14.999828          1.72448955E-04
      1.93333333E-10       14.999815          1.85442389E-04
      2.00000000E-10       14.999801          1.98905833E-04
      2.06666667E-10       14.999787          2.12839028E-04
      2.13333333E-10       14.999773          2.27241706E-04
      2.20000000E-10       14.999758          2.42113589E-04
      2.26666667E-10       14.999743          2.57454392E-04
      2.33333333E-10       14.999727          2.73263821E-04
      2.40000000E-10       14.999711          2.89541572E-04
      2.46666667E-10       14.999694          3.06287335E-04
      2.53333333E-10       14.999677          3.23500790E-04
      2.60000000E-10       14.999659          3.41181606E-04
      2.66666667E-10       14.999641          3.59329447E-04
      2.73333333E-10       14.999622          3.77943967E-04
      2.80000000E-10       14.999603          3.97024811E-04
      2.86666667E-10       14.999584          4.16571616E-04
      2.93333333E-10       14.999564          4.36584009E-04
      3.00000000E-10       14.999543          4.57061611E-04
      3.06666667E-10       14.999522          4.78004032E-04
      3.13333333E-10       14.999501          4.99410875E-04
      3.20000000E-10       14.999479          5.21281733E-04
      3.26666667E-10       14.999457          5.43616191E-04
      3.33333333E-10       14.999434          5.66413826E-04
      3.40000000E-10       14.999411          5.89674207E-04
      3.46666667E-10       14.999387          6.13396892E-04
      3.53333333E-10       14.999363          6.37581432E-04
      3.60000000E-10       14.999338          6.62227371E-04
      3.66666667E-10       14.999313          6.87334242E-04
      3.73333333E-10       14.999288          7.12901570E-04
      3.80000000E-10       14.999262          7.38928873E-04
      3.86666667E-10       14.999235          7.65415658E-04
      3.93333333E-10       14.999208          7.92361427E-04
      4.00000000E-10       14.999181          8.19765670E-04
      4.06666667E-10       14.999153          8.47627870E-04
      4.13333333E-10       14.999125          8.75947503E-04
      4.20000000E-10       14.999096          9.04724033E-04
      4.26666667E-10       14.999067          9.33956920E-04
      4.33333333E-10       14.999037          9.63645611E-04
      4.40000000E-10       14.999007          9.93789549E-04
      4.46666667E-10       14.998977          1.02438817E-03
      4.53333333E-10       14.998946          1.05544088E-03
      4.60000000E-10       14.998914          1.08694712E-03
      4.66666667E-10       14.998882          1.11890629E-03
      4.73333333E-10       14.998850          1.15131777E-03
      4.80000000E-10       14.998817          1.18418098E-03
      4.86666667E-10       14.998784          1.21749528E-03
      4.93333333E-10       14.998750          1.25126005E-03
      5.00000000E-10       14.998716          1.28547466E-03
      5.06666667E-10       14.998681          1.32013847E-03
      5.13333333E-10       14.998646          1.35525082E-03
      5.20000000E-10       14.998611          1.39081106E-03
      5.26666667E-10       14.998575          1.42681851E-03
      5.33333333E-10       14.998538          1.46327250E-03
      5.40000000E-10       14.998502          1.50017236E-03
      5.46666667E-10       14.998464          1.53751738E-03
      5.53333333E-10       14.998427          1.57530686E-03
      5.60000000E-10       14.998388          1.61354010E-03
      5.66666667E-10       14.998350          1.65221639E-03
      5.73333333E-10       14.998311          1.69133498E-03
      5.80000000E-10       14.998271          1.73089517E-03
      5.86666667E-10       14.998231          1.77089619E-03
      5.93333333E-10       14.998191          1.81133730E-03
      6.00000000E-10       14.998150          1.85221775E-03
      6.06666667E-10       14.998109          1.89353677E-03
      6.13333333E-10       14.998067          1.93529359E-03
      6.20000000E-10       14.998025          1.97748742E-03
      6.26666667E-10       14.997983          2.02011747E-03
      6.33333333E-10       14.997940          2.06318295E-03
      6.40000000E-10       14.997896          2.10668306E-03
      6.46666667E-10       14.997853          2.15061697E-03
      6.53333333E-10       14.997808          2.19498386E-03
      6.60000000E-10       14.997764          2.23978291E-03
      6.66666667E-10       14.997718          2.28501328E-03
      6.73333333E-10       14.997673          2.33067412E-03
      6.80000000E-10       14.997627          2.37676459E-03
      6.86666667E-10       14.997580          2.42328381E-03
      6.93333333E-10       14.997534          2.47023091E-03
      7.00000000E-10       14.997486          2.51760503E-03
      7.06666667E-10       14.997439          2.56540528E-03
      7.13333333E-10       14.997391          2.61363075E-03
      7.20000000E-10       14.997342          2.66228056E-03
      7.26666667E-10       14.997293          2.71135380E-03
      7.33333333E-10       14.997244          2.76084954E-03
      7.40000000E-10       14.997194          2.81076686E-03
      7.46666667E-10       14.997144          2.86110484E-03
      7.53333333E-10       14.997093          2.91186252E-03
      7.60000000E-10       14.997042          2.96303898E-03
      7.66666667E-10       14.996991          3.01463323E-03
      7.73333333E-10       14.996939          3.06664434E-03
      7.80000000E-10       14.996886          3.11907132E-03
      7.86666667E-10       14.996834          3.17191320E-03
      7.93333333E-10       14.996781          3.22516899E-03
      8.00000000E-10       14.996727          3.27883770E-03
      8.06666667E-10       14.996673          3.33291833E-03
      8.13333333E-10       14.996619          3.38740986E-03
      8.20000000E-10       14.996564          3.44231129E-03
      8.26666667E-10       14.996509          3.49762159E-03
      8.33333333E-10       14.996453          3.55333972E-03
      8.40000000E-10       14.996397          3.60946465E-03
      8.46666667E-10       14.996341          3.66599534E-03
      8.53333333E-10       14.996284          3.72293072E-03
      8.60000000E-10       14.996227          3.78026975E-03
      8.66666667E-10       14.996170          3.83801134E-03
      8.73333333E-10       14.996112          3.89615443E-03
      8.80000000E-10       14.996053          3.95469792E-03
      8.86666667E-10       14.995994          4.01364074E-03
      8.93333333E-10       14.995935          4.07298178E-03
      9.00000000E-10       14.995876          4.13271993E-03
      9.06666667E-10       14.995816          4.19285409E-03
      9.13333333E-10       14.995755          4.25338313E-03
      9.20000000E-10       14.995695          4.31430593E-03
      9.26666667E-10       14.995634          4.37562135E-03
      9.33333333E-10       14.995572          4.43732825E-03
      9.40000000E-10       14.995510          4.49942548E-03
      9.46666667E-10       14.995448          4.56191189E-03
      9.53333333E-10       14.995385          4.62478631E-03
      9.60000000E-10       14.995322          4.68804757E-03
      9.66666667E-10       14.995259          4.75169450E-03
      9.73333333E-10       14.995195          4.81572590E-03
      9.80000000E-10       14.995131          4.88014060E-03
      9.86666667E-10       14.995066          4.94493738E-03
      9.93333333E-10       14.995001          5.01011505E-03
      1.00000000E-09       14.994936          5.07567239E-03
      1.00666667E-09       14.994870          5.14160818E-03
      1.01333333E-09       14.994804          5.20792120E-03
      1.02000000E-09       14.994738          5.27461021E-03
      1.02666667E-09       14.994671          5.34167397E-03
      1.03333333E-09       14.994604          5.40911123E-03
      1.04000000E-09       14.994536          5.47692075E-03
      1.04666667E-09       14.994468          5.54510125E-03
      1.05333333E-09       14.994400          5.61365147E-03
      1.06000000E-09       14.994331          5.68257015E-03
      1.06666667E-09       14.994262          5.75185598E-03
      1.07333333E-09       14.994193          5.82150769E-03
      1.08000000E-09       14.994123          5.89152399E-03
      1.08666667E-09       14.994053          5.96190356E-03
      1.09333333E-09       14.993982          6.03264511E-03
      1.10000000E-09       14.993912          6.10374732E-03
      1.10666667E-09       14.993840          6.17520886E-03
      1.11333333E-09       14.993769          6.24702841E-03
      1.12000000E-09       14.993697          6.31920463E-03
      1.12666667E-09       14.993625          6.39173619E-03
      1.13333333E-09       14.993552          6.46462173E-03
      1.14000000E-09       14.993479          6.53785990E-03
      1.14666667E-09       14.993406          6.61144934E-03
      1.15333333E-09       14.993332          6.68538868E-03
      1.16000000E-09       14.993258          6.75967656E-03
      1.16666667E-09       14.993184          6.83431158E-03
      1.17333333E-09       14.993109          6.90929236E-03
      1.18000000E-09       14.993034          6.98461751E-03
      1.18666667E-09       14.992959          7.06028564E-03
      1.19333333E-09       14.992883          7.13629533E-03
      1.20000000E-09       14.992807          7.21264518E-03
      1.20666667E-09       14.992731          7.28933376E-03
      1.21333333E-09       14.992654          7.36635966E-03
      1.22000000E-09       14.992577          7.44372143E-03
      1.22666667E-09       14.992500          7.52141766E-03
      1.23333333E-09       14.992422          7.59944689E-03
      1.24000000E-09       14.992344          7.67780767E-03
      1.24666667E-09       14.992266          7.75649855E-03
      1.25333333E-09       14.992187          7.83551808E-03
      1.26000000E-09       14.992108          7.91486478E-03
      1.26666667E-09       14.992029          7.99453718E-03
      1.27333333E-09       14.991949          8.07453380E-03
      1.28000000E-09       14.991869          8.15485315E-03
      1.28666667E-09       14.991789          8.23549376E-03
      1.29333333E-09       14.991708          8.31645412E-03
      1.30000000E-09       14.991627          8.39773272E-03
      1.30666667E-09       14.991546          8.47932806E-03
      1.31333333E-09       14.991465          8.56123863E-03
      1.32000000E-09       14.991383          8.64346291E-03
      1.32666667E-09       14.991301          8.72599937E-03
      1.33333333E-09       14.991218          8.80884648E-03
      1.34000000E-09       14.991135          8.89200270E-03
      1.34666667E-09       14.991052          8.97546649E-03
      1.35333333E-09       14.990969          9.05923631E-03
      1.36000000E-09       14.990885          9.14331059E-03
      1.36666667E-09       14.990801          9.22768779E-03
      1.37333333E-09       14.990717          9.31236633E-03
      1.38000000E-09       14.990633          9.39734464E-03
      1.38666667E-09       14.990548          9.48262116E-03
      1.39333333E-09       14.990463          9.56819429E-03
      1.40000000E-09       14.990377          9.65406245E-03
      1.40666667E-09       14.990291          9.74022405E-03
      1.41333333E-09       14.990205          9.82667750E-03
      1.42000000E-09       14.990119          9.91342118E-03
      1.42666667E-09       14.990033          1.00004535E-02
      1.43333333E-09       14.989946          1.00877728E-02
      1.44000000E-09       14.989859          1.01753775E-02
      1.44666667E-09       14.989771          1.02632660E-02
      1.45333333E-09       14.989683          1.03514367E-02
      1.46000000E-09       14.989595          1.04398879E-02
      1.46666667E-09       14.989507          1.05286179E-02
      1.47333333E-09       14.989419          1.06176251E-02
      1.48000000E-09       14.989330          1.07069080E-02
      1.48666667E-09       14.989241          1.07964647E-02
      1.49333333E-09       14.989151          1.08862938E-02
      1.50000000E-09       14.989062          1.09763934E-02
      1.50666667E-09       14.988972          1.10667619E-02
      1.51333333E-09       14.988882          1.11573978E-02
      1.52000000E-09       14.988791          1.12482991E-02
      1.52666667E-09       14.988701          1.13394644E-02
      1.53333333E-09       14.988610          1.14308919E-02
      1.54000000E-09       14.988519          1.15225799E-02
      1.54666667E-09       14.988427          1.16145267E-02
      1.55333333E-09       14.988336          1.17067306E-02
      1.56000000E-09       14.988244          1.17991899E-02
      1.56666667E-09       14.988151          1.18919030E-02
      1.57333333E-09       14.988059          1.19848679E-02
      1.58000000E-09       14.987966          1.20780832E-02
      1.58666667E-09       14.987873          1.21715469E-02
      1.59333333E-09       14.987780          1.22652574E-02
      1.60000000E-09       14.987687          1.23592130E-02
      1.60666667E-09       14.987593          1.24534120E-02
      1.61333333E-09       14.987499          1.25478524E-02
      1.62000000E-09       14.987405          1.26425328E-02
      1.62666667E-09       14.987311          1.27374511E-02
      1.63333333E-09       14.987216          1.28326058E-02
      1.64000000E-09       14.987121          1.29279951E-02
      1.64666667E-09       14.987026          1.30236171E-02
      1.65333333E-09       14.986931          1.31194702E-02
      1.66000000E-09       14.986836          1.32155525E-02
      1.66666667E-09       14.986740          1.33118622E-02
      1.67333333E-09       14.986644          1.34083977E-02
      1.68000000E-09       14.986548          1.35051570E-02
      1.68666667E-09       14.986452          1.36021385E-02
      1.69333333E-09       14.986355          1.36993402E-02
      1.70000000E-09       14.986258          1.37967605E-02
      1.70666667E-09       14.986161          1.38943974E-02
      1.71333333E-09       14.986064          1.39922493E-02
      1.72000000E-09       14.985966          1.40903143E-02
      1.72666667E-09       14.985869          1.41885905E-02
      1.73333333E-09       14.985771          1.42870762E-02
      1.74000000E-09       14.985673          1.43857695E-02
      1.74666667E-09       14.985575          1.44846686E-02
      1.75333333E-09       14.985476          1.45837717E-02
      1.76000000E-09       14.985378          1.46830770E-02
      1.76666667E-09       14.985279          1.47825825E-02
      1.77333333E-09       14.985180          1.48822866E-02
      1.78000000E-09       14.985080          1.49821872E-02
      1.78666667E-09       14.984981          1.50822826E-02
      1.79333333E-09       14.984881          1.51825710E-02
      1.80000000E-09       14.984782          1.52830504E-02
      1.80666667E-09       14.984682          1.53837190E-02
      1.81333333E-09       14.984582          1.54845750E-02
      1.82000000E-09       14.984481          1.55856165E-02
      1.82666667E-09       14.984381          1.56868416E-02
      1.83333333E-09       14.984280          1.57882484E-02
      1.84000000E-09       14.984179          1.58898351E-02
      1.84666667E-09       14.984078          1.59915997E-02
      1.85333333E-09       14.983977          1.60935405E-02
      1.86000000E-09       14.983875          1.61956555E-02
      1.86666667E-09       14.983774          1.62979429E-02
      1.87333333E-09       14.983672          1.64004007E-02
      1.88000000E-09       14.983570          1.65030270E-02
      1.88666667E-09       14.983468          1.66058200E-02
      1.89333333E-09       14.983366          1.67087777E-02
      1.90000000E-09       14.983264          1.68118983E-02
      1.90666667E-09       14.983161          1.69151799E-02
      1.91333333E-09       14.983058          1.70186204E-02
      1.92000000E-09       14.982956          1.71222181E-02
      1.92666667E-09       14.982853          1.72259710E-02
      1.93333333E-09       14.982750          1.73298772E-02
      1.94000000E-09       14.982646          1.74339348E-02
      1.94666667E-09       14.982543          1.75381418E-02
      1.95333333E-09       14.982439          1.76424963E-02
      1.96000000E-09       14.982336          1.77469964E-02
      1.96666667E-09       14.982232          1.78516402E-02
      1.97333333E-09       14.982128          1.79564257E-02
      1.98000000E-09       14.982024          1.80613510E-02
      1.98666667E-09       14.981919          1.81664141E-02
      1.99333333E-09       14.981815          1.82716132E-02
      2.00000000E-09       14.981711          1.83769462E-02
      2.00666667E-09       14.981606          1.84824113E-02
      2.01333333E-09       14.981501          1.85880064E-02
      2.02000000E-09       14.981396          1.86937297E-02
      2.02666667E-09       14.981291          1.87995791E-02
      2.03333333E-09       14.981186          1.89055527E-02
      2.04000000E-09       14.981081          1.90116486E-02
      2.04666667E-09       14.980975          1.91178648E-02
      2.05333333E-09       14.980870          1.92241993E-02
      2.06000000E-09       14.980764          1.93306502E-02
      2.06666667E-09       14.980659          1.94372155E-02
      2.07333333E-09       14.980553          1.95438933E-02
      2.08000000E-09       14.980447          1.96506815E-02
      2.08666667E-09       14.980341          1.97575782E-02
      2.09333333E-09       14.980235          1.98645814E-02
      2.10000000E-09       14.980129          1.99716892E-02
      2.10666667E-09       14.980022          2.00788996E-02
      2.11333333E-09       14.979916          2.01862105E-02
      2.12000000E-09       14.979809          2.02936201E-02
      2.12666667E-09       14.979703          2.04011262E-02
      2.13333333E-09       14.979596          2.05087270E-02
      2.14000000E-09       14.979489          2.06164205E-02
      2.14666667E-09       14.979383          2.07242047E-02
      2.15333333E-09       14.979276          2.08320775E-02
      2.16000000E-09       14.979169          2.09400370E-02
      2.16666667E-09       14.979062          2.10480812E-02
      2.17333333E-09       14.978954          2.11562080E-02
      2.18000000E-09       14.978847          2.12644156E-02
      2.18666667E-09       14.978740          2.13727019E-02
      2.19333333E-09       14.978632          2.14810650E-02
      2.20000000E-09       14.978525          2.15895027E-02
      2.20666667E-09       14.978417          2.16980131E-02
      2.21333333E-09       14.978310          2.18065942E-02
      2.22000000E-09       14.978202          2.19152441E-02
      2.22666667E-09       14.978094          2.20239606E-02
      2.23333333E-09       14.977987          2.21327418E-02
      2.24000000E-09       14.977879          2.22415857E-02
      2.24666667E-09       14.977771          2.23504903E-02
      2.25333333E-09       14.977663          2.24594535E-02
      2.26000000E-09       14.977555          2.25684734E-02
      2.26666667E-09       14.977447          2.26775480E-02
      2.27333333E-09       14.977339          2.27866751E-02
      2.28000000E-09       14.977231          2.28958529E-02
      2.28666667E-09       14.977122          2.30050793E-02
      2.29333333E-09       14.977014          2.31143523E-02
      2.30000000E-09       14.976906          2.32236699E-02
      2.30666667E-09       14.976798          2.33330300E-02
      2.31333333E-09       14.976689          2.34424307E-02
      2.32000000E-09       14.976581          2.35518699E-02
      2.32666667E-09       14.976472          2.36613456E-02
      2.33333333E-09       14.976364          2.37708558E-02
      2.34000000E-09       14.976256          2.38803984E-02
      2.34666667E-09       14.976147          2.39899715E-02
      2.35333333E-09       14.976038          2.40995731E-02
      2.36000000E-09       14.975930          2.42092010E-02
      2.36666667E-09       14.975821          2.43188533E-02
      2.37333333E-09       14.975713          2.44285280E-02
      2.38000000E-09       14.975604          2.45382231E-02
      2.38666667E-09       14.975496          2.46479364E-02
      2.39333333E-09       14.975387          2.47576661E-02
      2.40000000E-09       14.975278          2.48674100E-02
      2.40666667E-09       14.975170          2.49771662E-02
      2.41333333E-09       14.975061          2.50869326E-02
      2.42000000E-09       14.974952          2.51967073E-02
      2.42666667E-09       14.974844          2.53064881E-02
      2.43333333E-09       14.974735          2.54162730E-02
      2.44000000E-09       14.974627          2.55260602E-02
      2.44666667E-09       14.974518          2.56358474E-02
      2.45333333E-09       14.974409          2.57456327E-02
      2.46000000E-09       14.974301          2.58554141E-02
      2.46666667E-09       14.974192          2.59651895E-02
      2.47333333E-09       14.974083          2.60749569E-02
      2.48000000E-09       14.973975          2.61847144E-02
      2.48666667E-09       14.973866          2.62944598E-02
      2.49333333E-09       14.973758          2.64041912E-02
      2.50000000E-09       14.973649          2.65139065E-02
      2.50666667E-09       14.973541          2.66236037E-02
      2.51333333E-09       14.973432          2.67332808E-02
      2.52000000E-09       14.973324          2.68429358E-02
      2.52666667E-09       14.973215          2.69525667E-02
      2.53333333E-09       14.973107          2.70621714E-02
      2.54000000E-09       14.972999          2.71717478E-02
      2.54666667E-09       14.972890          2.72812941E-02
      2.55333333E-09       14.972782          2.73908082E-02
      2.56000000E-09       14.972674          2.75002880E-02
      2.56666667E-09       14.972566          2.76097316E-02
      2.57333333E-09       14.972457          2.77191369E-02
      2.58000000E-09       14.972349          2.78285019E-02
      2.58666667E-09       14.972241          2.79378247E-02
      2.59333333E-09       14.972133          2.80471031E-02
      2.60000000E-09       14.972025          2.81563352E-02
      2.60666667E-09       14.971917          2.82655189E-02
      2.61333333E-09       14.971809          2.83746523E-02
      2.62000000E-09       14.971702          2.84837334E-02
      2.62666667E-09       14.971594          2.85927601E-02
      2.63333333E-09       14.971486          2.87017304E-02
      2.64000000E-09       14.971379          2.88106424E-02
      2.64666667E-09       14.971271          2.89194940E-02
      2.65333333E-09       14.971164          2.90282832E-02
      2.66000000E-09       14.971056          2.91370080E-02
      2.66666667E-09       14.970949          2.92456665E-02
      2.67333333E-09       14.970841          2.93542565E-02
      2.68000000E-09       14.970734          2.94627762E-02
      2.68666667E-09       14.970627          2.95712235E-02
      2.69333333E-09       14.970520          2.96795964E-02
      2.70000000E-09       14.970413          2.97878930E-02
      2.70666667E-09       14.970306          2.98961111E-02
      2.71333333E-09       14.970199          3.00042490E-02
      2.72000000E-09       14.970093          3.01123045E-02
      2.72666667E-09       14.969986          3.02202757E-02
      2.73333333E-09       14.969880          3.03281605E-02
      2.74000000E-09       14.969773          3.04359571E-02
      2.74666667E-09       14.969667          3.05436633E-02
      2.75333333E-09       14.969561          3.06512774E-02
      2.76000000E-09       14.969455          3.07587971E-02
      2.76666667E-09       14.969348          3.08662207E-02
      2.77333333E-09       14.969243          3.09735460E-02
      2.78000000E-09       14.969137          3.10807712E-02
      2.78666667E-09       14.969031          3.11878942E-02
      2.79333333E-09       14.968925          3.12949132E-02
      2.80000000E-09       14.968820          3.14018260E-02
      2.80666667E-09       14.968714          3.15086308E-02
      2.81333333E-09       14.968609          3.16153256E-02
      2.82000000E-09       14.968504          3.17219085E-02
      2.82666667E-09       14.968399          3.18283774E-02
      2.83333333E-09       14.968294          3.19347304E-02
      2.84000000E-09       14.968189          3.20409656E-02
      2.84666667E-09       14.968085          3.21470810E-02
      2.85333333E-09       14.967980          3.22530746E-02
      2.86000000E-09       14.967876          3.23589446E-02
      2.86666667E-09       14.967771          3.24646889E-02
      2.87333333E-09       14.967667          3.25703056E-02
      2.88000000E-09       14.967563          3.26757928E-02
      2.88666667E-09       14.967459          3.27811486E-02
      2.89333333E-09       14.967356          3.28863709E-02
      2.90000000E-09       14.967252          3.29914579E-02
      2.90666667E-09       14.967148          3.30964077E-02
      2.91333333E-09       14.967045          3.32012183E-02
      2.92000000E-09       14.966942          3.33058877E-02
      2.92666667E-09       14.966839          3.34104142E-02
      2.93333333E-09       14.966736          3.35147956E-02
      2.94000000E-09       14.966633          3.36190302E-02
      2.94666667E-09       14.966531          3.37231160E-02
      2.95333333E-09       14.966428          3.38270512E-02
      2.96000000E-09       14.966326          3.39308337E-02
      2.96666667E-09       14.966224          3.40344616E-02
      2.97333333E-09       14.966122          3.41379332E-02
      2.98000000E-09       14.966020          3.42412465E-02
      2.98666667E-09       14.965919          3.43443995E-02
      2.99333333E-09       14.965817          3.44473904E-02
      3.00000000E-09       14.965716          3.45502174E-02
      3.00666667E-09       14.965615          3.46528784E-02
      3.01333333E-09       14.965514          3.47553717E-02
      3.02000000E-09       14.965413          3.48576953E-02
      3.02666667E-09       14.965313          3.49598474E-02
      3.03333333E-09       14.965212          3.50618260E-02
      3.04000000E-09       14.965112          3.51636294E-02
      3.04666667E-09       14.965012          3.52652557E-02
      3.05333333E-09       14.964912          3.53667029E-02
      3.06000000E-09       14.964812          3.54679693E-02
      3.06666667E-09       14.964713          3.55690529E-02
      3.07333333E-09       14.964613          3.56699520E-02
      3.08000000E-09       14.964514          3.57706646E-02
      3.08666667E-09       14.964415          3.58711889E-02
      3.09333333E-09       14.964317          3.59715231E-02
      3.10000000E-09       14.964218          3.60716654E-02
      3.10666667E-09       14.964120          3.61716138E-02
      3.11333333E-09       14.964022          3.62713666E-02
      3.12000000E-09       14.963924          3.63709219E-02
      3.12666667E-09       14.963826          3.64702779E-02
      3.13333333E-09       14.963729          3.65694328E-02
      3.14000000E-09       14.963631          3.66683847E-02
      3.14666667E-09       14.963534          3.67671320E-02
      3.15333333E-09       14.963437          3.68656726E-02
      3.16000000E-09       14.963341          3.69640049E-02
      3.16666667E-09       14.963244          3.70621270E-02
      3.17333333E-09       14.963148          3.71600372E-02
      3.18000000E-09       14.963052          3.72577335E-02
      3.18666667E-09       14.962956          3.73552144E-02
      3.19333333E-09       14.962861          3.74524778E-02
      3.20000000E-09       14.962765          3.75495222E-02
      3.20666667E-09       14.962670          3.76463457E-02
      3.21333333E-09       14.962575          3.77429464E-02
      3.22000000E-09       14.962480          3.78393228E-02
      3.22666667E-09       14.962386          3.79354729E-02
      3.23333333E-09       14.962292          3.80313950E-02
      3.24000000E-09       14.962198          3.81270874E-02
      3.24666667E-09       14.962104          3.82225484E-02
      3.25333333E-09       14.962011          3.83177761E-02
      3.26000000E-09       14.961917          3.84127688E-02
      3.26666667E-09       14.961824          3.85075248E-02
      3.27333333E-09       14.961731          3.86020423E-02
      3.28000000E-09       14.961639          3.86963197E-02
      3.28666667E-09       14.961547          3.87903551E-02
      3.29333333E-09       14.961455          3.88841469E-02
      3.30000000E-09       14.961363          3.89776934E-02
      3.30666667E-09       14.961271          3.90709928E-02
      3.31333333E-09       14.961180          3.91640434E-02
      3.32000000E-09       14.961089          3.92568435E-02
      3.32666667E-09       14.960998          3.93493915E-02
      3.33333333E-09       14.960908          3.94416856E-02
      3.34000000E-09       14.960817          3.95337242E-02
      3.34666667E-09       14.960727          3.96255055E-02
      3.35333333E-09       14.960637          3.97170279E-02
      3.36000000E-09       14.960548          3.98082897E-02
      3.36666667E-09       14.960459          3.98992892E-02
      3.37333333E-09       14.960370          3.99900248E-02
      3.38000000E-09       14.960281          4.00804948E-02
      3.38666667E-09       14.960193          4.01706976E-02
      3.39333333E-09       14.960105          4.02606315E-02
      3.40000000E-09       14.960017          4.03502948E-02
      3.40666667E-09       14.959929          4.04396860E-02
      3.41333333E-09       14.959842          4.05288033E-02
      3.42000000E-09       14.959755          4.06176452E-02
      3.42666667E-09       14.959668          4.07062100E-02
      3.43333333E-09       14.959582          4.07944962E-02
      3.44000000E-09       14.959496          4.08825020E-02
      3.44666667E-09       14.959410          4.09702259E-02
      3.45333333E-09       14.959324          4.10576664E-02
      3.46000000E-09       14.959239          4.11448217E-02
      3.46666667E-09       14.959154          4.12316903E-02
      3.47333333E-09       14.959069          4.13182706E-02
      3.48000000E-09       14.958985          4.14045610E-02
      3.48666667E-09       14.958900          4.14905600E-02
      3.49333333E-09       14.958817          4.15762660E-02
      3.50000000E-09       14.958733          4.16616773E-02
      3.50666667E-09       14.958650          4.17467926E-02
      3.51333333E-09       14.958567          4.18316101E-02
      3.52000000E-09       14.958484          4.19161284E-02
      3.52666667E-09       14.958402          4.20003459E-02
      3.53333333E-09       14.958320          4.20842610E-02
      3.54000000E-09       14.958238          4.21678723E-02
      3.54666667E-09       14.958157          4.22511782E-02
      3.55333333E-09       14.958076          4.23341772E-02
      3.56000000E-09       14.957995          4.24168678E-02
      3.56666667E-09       14.957914          4.24992484E-02
      3.57333333E-09       14.957834          4.25813176E-02
      3.58000000E-09       14.957754          4.26630738E-02
      3.58666667E-09       14.957675          4.27445157E-02
      3.59333333E-09       14.957596          4.28256416E-02
      3.60000000E-09       14.957517          4.29064501E-02
      3.60666667E-09       14.957438          4.29869397E-02
      3.61333333E-09       14.957360          4.30671091E-02
      3.62000000E-09       14.957282          4.31469566E-02
      3.62666667E-09       14.957204          4.32264808E-02
      3.63333333E-09       14.957127          4.33056804E-02
      3.64000000E-09       14.957050          4.33845538E-02
      3.64666667E-09       14.956974          4.34630997E-02
      3.65333333E-09       14.956897          4.35413165E-02
      3.66000000E-09       14.956821          4.36192028E-02
      3.66666667E-09       14.956746          4.36967573E-02
      3.67333333E-09       14.956670          4.37739786E-02
      3.68000000E-09       14.956596          4.38508651E-02
      3.68666667E-09       14.956521          4.39274156E-02
      3.69333333E-09       14.956447          4.40036286E-02
      3.70000000E-09       14.956373          4.40795027E-02
      3.70666667E-09       14.956299          4.41550366E-02
      3.71333333E-09       14.956226          4.42302289E-02
      3.72000000E-09       14.956153          4.43050782E-02
      3.72666667E-09       14.956081          4.43795831E-02
      3.73333333E-09       14.956008          4.44537423E-02
      3.74000000E-09       14.955937          4.45275544E-02
      3.74666667E-09       14.955865          4.46010182E-02
      3.75333333E-09       14.955794          4.46741322E-02
      3.76000000E-09       14.955723          4.47468951E-02
      3.76666667E-09       14.955653          4.48193057E-02
      3.77333333E-09       14.955583          4.48913625E-02
      3.78000000E-09       14.955513          4.49630643E-02
      3.78666667E-09       14.955444          4.50344098E-02
      3.79333333E-09       14.955375          4.51053977E-02
      3.80000000E-09       14.955306          4.51760266E-02
      3.80666667E-09       14.955238          4.52462954E-02
      3.81333333E-09       14.955170          4.53162027E-02
      3.82000000E-09       14.955103          4.53857472E-02
      3.82666667E-09       14.955035          4.54549278E-02
      3.83333333E-09       14.954969          4.55237431E-02
      3.84000000E-09       14.954902          4.55921918E-02
      3.84666667E-09       14.954836          4.56602728E-02
      3.85333333E-09       14.954771          4.57279848E-02
      3.86000000E-09       14.954705          4.57953266E-02
      3.86666667E-09       14.954640          4.58622970E-02
      3.87333333E-09       14.954576          4.59288947E-02
      3.88000000E-09       14.954512          4.59951185E-02
      3.88666667E-09       14.954448          4.60609672E-02
      3.89333333E-09       14.954384          4.61264397E-02
      3.90000000E-09       14.954321          4.61915348E-02
      3.90666667E-09       14.954259          4.62562512E-02
      3.91333333E-09       14.954196          4.63205878E-02
      3.92000000E-09       14.954135          4.63845434E-02
      3.92666667E-09       14.954073          4.64481169E-02
      3.93333333E-09       14.954012          4.65113071E-02
      3.94000000E-09       14.953951          4.65741128E-02
      3.94666667E-09       14.953891          4.66365330E-02
      3.95333333E-09       14.953831          4.66985665E-02
      3.96000000E-09       14.953771          4.67602122E-02
      3.96666667E-09       14.953712          4.68214690E-02
      3.97333333E-09       14.953654          4.68823357E-02
      3.98000000E-09       14.953595          4.69428112E-02
      3.98666667E-09       14.953537          4.70028945E-02
      3.99333333E-09       14.953480          4.70625845E-02
      4.00000000E-09       14.953422          4.71218801E-02
      4.00666667E-09       14.953366          4.71807802E-02
      4.01333333E-09       14.953309          4.72392837E-02
      4.02000000E-09       14.953253          4.72973896E-02
      4.02666667E-09       14.953198          4.73550969E-02
      4.03333333E-09       14.953142          4.74124045E-02
      4.04000000E-09       14.953088          4.74693113E-02
      4.04666667E-09       14.953033          4.75258164E-02
      4.05333333E-09       14.952979          4.75819187E-02
      4.06000000E-09       14.952926          4.76376172E-02
      4.06666667E-09       14.952873          4.76929109E-02
      4.07333333E-09       14.952820          4.77477988E-02
      4.08000000E-09       14.952767          4.78022800E-02
      4.08666667E-09       14.952715          4.78563533E-02
      4.09333333E-09       14.952664          4.79100179E-02
      4.10000000E-09       14.952613          4.79632728E-02
      4.10666667E-09       14.952562          4.80161170E-02
      4.11333333E-09       14.952512          4.80685496E-02
      4.12000000E-09       14.952462          4.81205696E-02
      4.12666667E-09       14.952413          4.81721761E-02
      4.13333333E-09       14.952364          4.82233681E-02
      4.14000000E-09       14.952315          4.82741448E-02
      4.14666667E-09       14.952267          4.83245053E-02
      4.15333333E-09       14.952219          4.83744485E-02
      4.16000000E-09       14.952172          4.84239737E-02
      4.16666667E-09       14.952125          4.84730799E-02
      4.17333333E-09       14.952078          4.85217662E-02
      4.18000000E-09       14.952032          4.85700319E-02
      4.18666667E-09       14.951986          4.86178759E-02
      4.19333333E-09       14.951941          4.86652975E-02
      4.20000000E-09       14.951896          4.87122957E-02
      4.20666667E-09       14.951852          4.87588699E-02
      4.21333333E-09       14.951808          4.88050190E-02
      4.22000000E-09       14.951764          4.88507423E-02
      4.22666667E-09       14.951721          4.88960390E-02
      4.23333333E-09       14.951679          4.89409083E-02
      4.24000000E-09       14.951636          4.89853493E-02
      4.24666667E-09       14.951594          4.90293613E-02
      4.25333333E-09       14.951553          4.90729434E-02
      4.26000000E-09       14.951512          4.91160949E-02
      4.26666667E-09       14.951472          4.91588151E-02
      4.27333333E-09       14.951431          4.92011031E-02
      4.28000000E-09       14.951392          4.92429582E-02
      4.28666667E-09       14.951353          4.92843796E-02
      4.29333333E-09       14.951314          4.93253667E-02
      4.30000000E-09       14.951275          4.93659186E-02
      4.30666667E-09       14.951238          4.94060347E-02
      4.31333333E-09       14.951200          4.94457142E-02
      4.32000000E-09       14.951163          4.94849565E-02
      4.32666667E-09       14.951126          4.95237607E-02
      4.33333333E-09       14.951090          4.95621264E-02
      4.34000000E-09       14.951055          4.96000527E-02
      4.34666667E-09       14.951019          4.96375389E-02
      4.35333333E-09       14.950984          4.96745845E-02
      4.36000000E-09       14.950950          4.97111888E-02
      4.36666667E-09       14.950916          4.97473510E-02
      4.37333333E-09       14.950883          4.97830706E-02
      4.38000000E-09       14.950850          4.98183470E-02
      4.38666667E-09       14.950817          4.98531794E-02
      4.39333333E-09       14.950785          4.98875674E-02
      4.40000000E-09       14.950753          4.99215102E-02
      4.40666667E-09       14.950722          4.99550073E-02
      4.41333333E-09       14.950691          4.99880581E-02
      4.42000000E-09       14.950661          5.00206620E-02
      4.42666667E-09       14.950631          5.00528184E-02
      4.43333333E-09       14.950601          5.00845267E-02
      4.44000000E-09       14.950572          5.01157865E-02
      4.44666667E-09       14.950544          5.01465971E-02
      4.45333333E-09       14.950516          5.01769581E-02
      4.46000000E-09       14.950488          5.02068687E-02
      4.46666667E-09       14.950461          5.02363287E-02
      4.47333333E-09       14.950434          5.02653373E-02
      4.48000000E-09       14.950408          5.02938942E-02
      4.48666667E-09       14.950382          5.03219988E-02
      4.49333333E-09       14.950356          5.03496507E-02
      4.50000000E-09       14.950331          5.03768492E-02
      4.50666667E-09       14.950307          5.04035941E-02
      4.51333333E-09       14.950283          5.04298847E-02
      4.52000000E-09       14.950259          5.04557207E-02
      4.52666667E-09       14.950236          5.04811015E-02
      4.53333333E-09       14.950213          5.05060268E-02
      4.54000000E-09       14.950191          5.05304962E-02
      4.54666667E-09       14.950169          5.05545091E-02
      4.55333333E-09       14.950148          5.05780652E-02
      4.56000000E-09       14.950127          5.06011640E-02
      4.56666667E-09       14.950107          5.06238052E-02
      4.57333333E-09       14.950087          5.06459884E-02
      4.58000000E-09       14.950068          5.06677132E-02
      4.58666667E-09       14.950049          5.06889792E-02
      4.59333333E-09       14.950030          5.07097860E-02
      4.60000000E-09       14.950012          5.07301334E-02
      4.60666667E-09       14.949994          5.07500209E-02
      4.61333333E-09       14.949977          5.07694482E-02
      4.62000000E-09       14.949960          5.07884150E-02
      4.62666667E-09       14.949944          5.08069209E-02
      4.63333333E-09       14.949928          5.08249657E-02
      4.64000000E-09       14.949913          5.08425490E-02
      4.64666667E-09       14.949898          5.08596705E-02
      4.65333333E-09       14.949884          5.08763300E-02
      4.66000000E-09       14.949870          5.08925271E-02
      4.66666667E-09       14.949856          5.09082617E-02
      4.67333333E-09       14.949843          5.09235334E-02
      4.68000000E-09       14.949831          5.09383419E-02
      4.68666667E-09       14.949819          5.09526871E-02
      4.69333333E-09       14.949807          5.09665687E-02
      4.70000000E-09       14.949796          5.09799865E-02
      4.70666667E-09       14.949785          5.09929402E-02
      4.71333333E-09       14.949775          5.10054297E-02
      4.72000000E-09       14.949765          5.10174546E-02
      4.72666667E-09       14.949756          5.10290150E-02
      4.73333333E-09       14.949747          5.10401104E-02
      4.74000000E-09       14.949739          5.10507409E-02
      4.74666667E-09       14.949731          5.10609062E-02
      4.75333333E-09       14.949724          5.10706061E-02
      4.76000000E-09       14.949717          5.10798405E-02
      4.76666667E-09       14.949710          5.10886093E-02
      4.77333333E-09       14.949704          5.10969123E-02
      4.78000000E-09       14.949699          5.11047494E-02
      4.78666667E-09       14.949693          5.11121204E-02
      4.79333333E-09       14.949689          5.11190254E-02
      4.80000000E-09       14.949685          5.11254641E-02
      4.80666667E-09       14.949681          5.11314365E-02
      4.81333333E-09       14.949678          5.11369426E-02
      4.82000000E-09       14.949675          5.11419821E-02
      4.82666667E-09       14.949673          5.11465551E-02
      4.83333333E-09       14.949671          5.11506616E-02
      4.84000000E-09       14.949669          5.11543013E-02
      4.84666667E-09       14.949669          5.11574745E-02
      4.85333333E-09       14.949668          5.11601809E-02
      4.86000000E-09       14.949668          5.11624205E-02
      4.86666667E-09       14.949669          5.11641935E-02
      4.87333333E-09       14.949670          5.11654997E-02
      4.88000000E-09       14.949671          5.11663391E-02
      4.88666667E-09       14.949673          5.11667119E-02
      4.89333333E-09       14.949675          5.11666179E-02
      4.90000000E-09       14.949678          5.11660572E-02
      4.90666667E-09       14.949682          5.11650300E-02
      4.91333333E-09       14.949685          5.11635361E-02
      4.92000000E-09       14.949690          5.11615757E-02
      4.92666667E-09       14.949694          5.11591488E-02
      4.93333333E-09       14.949699          5.11562556E-02
      4.94000000E-09       14.949705          5.11528960E-02
      4.94666667E-09       14.949711          5.11490702E-02
      4.95333333E-09       14.949718          5.11447784E-02
      4.96000000E-09       14.949725          5.11400204E-02
      4.96666667E-09       14.949732          5.11347967E-02
      4.97333333E-09       14.949740          5.11291071E-02
      4.98000000E-09       14.949749          5.11229519E-02
      4.98666667E-09       14.949758          5.11163312E-02
      4.99333333E-09       14.949767          5.11092452E-02
      5.00000000E-09       14.949777          5.11016940E-02
      5.00666667E-09       14.949787          5.10936778E-02
      5.01333333E-09       14.949798          5.10851968E-02
      5.02000000E-09       14.949809          5.10762511E-02
      5.02666667E-09       14.949821          5.10668410E-02
      5.03333333E-09       14.949833          5.10569666E-02
      5.04000000E-09       14.949845          5.10466282E-02
      5.04666667E-09       14.949858          5.10358259E-02
      5.05333333E-09       14.949872          5.10245601E-02
      5.06000000E-09       14.949886          5.10128309E-02
      5.06666667E-09       14.949900          5.10006387E-02
      5.07333333E-09       14.949915          5.09879836E-02
      5.08000000E-09       14.949931          5.09748659E-02
      5.08666667E-09       14.949947          5.09612858E-02
      5.09333333E-09       14.949963          5.09472438E-02
      5.10000000E-09       14.949980          5.09327400E-02
      5.10666667E-09       14.949997          5.09177747E-02
      5.11333333E-09       14.950015          5.09023484E-02
      5.12000000E-09       14.950033          5.08864612E-02
      5.12666667E-09       14.950051          5.08701134E-02
      5.13333333E-09       14.950070          5.08533056E-02
      5.14000000E-09       14.950090          5.08360378E-02
      5.14666667E-09       14.950110          5.08183106E-02
      5.15333333E-09       14.950130          5.08001243E-02
      5.16000000E-09       14.950151          5.07814792E-02
      5.16666667E-09       14.950173          5.07623757E-02
      5.17333333E-09       14.950194          5.07428143E-02
      5.18000000E-09       14.950217          5.07227952E-02
      5.18666667E-09       14.950239          5.07023189E-02
      5.19333333E-09       14.950263          5.06813858E-02
      5.20000000E-09       14.950286          5.06599963E-02
      5.20666667E-09       14.950310          5.06381508E-02
      5.21333333E-09       14.950335          5.06158498E-02
      5.22000000E-09       14.950360          5.05930937E-02
      5.22666667E-09       14.950385          5.05698830E-02
      5.23333333E-09       14.950411          5.05462181E-02
      5.24000000E-09       14.950438          5.05220994E-02
      5.24666667E-09       14.950464          5.04975276E-02
      5.25333333E-09       14.950492          5.04725030E-02
      5.26000000E-09       14.950519          5.04470261E-02
      5.26666667E-09       14.950548          5.04210974E-02
      5.27333333E-09       14.950576          5.03947175E-02
      5.28000000E-09       14.950605          5.03678869E-02
      5.28666667E-09       14.950635          5.03406060E-02
      5.29333333E-09       14.950665          5.03128755E-02
      5.30000000E-09       14.950695          5.02846959E-02
      5.30666667E-09       14.950726          5.02560676E-02
      5.31333333E-09       14.950757          5.02269913E-02
      5.32000000E-09       14.950789          5.01974676E-02
      5.32666667E-09       14.950821          5.01674970E-02
      5.33333333E-09       14.950854          5.01370800E-02
      5.34000000E-09       14.950887          5.01062174E-02
      5.34666667E-09       14.950921          5.00749097E-02
      5.35333333E-09       14.950955          5.00431574E-02
      5.36000000E-09       14.950989          5.00109613E-02
      5.36666667E-09       14.951024          4.99783219E-02
      5.37333333E-09       14.951059          4.99452399E-02
      5.38000000E-09       14.951095          4.99117159E-02
      5.38666667E-09       14.951131          4.98777505E-02
      5.39333333E-09       14.951168          4.98433445E-02
      5.40000000E-09       14.951205          4.98084984E-02
      5.40666667E-09       14.951242          4.97732130E-02
      5.41333333E-09       14.951280          4.97374890E-02
      5.42000000E-09       14.951318          4.97013270E-02
      5.42666667E-09       14.951357          4.96647277E-02
      5.43333333E-09       14.951396          4.96276918E-02
      5.44000000E-09       14.951436          4.95902201E-02
      5.44666667E-09       14.951476          4.95523133E-02
      5.45333333E-09       14.951517          4.95139720E-02
      5.46000000E-09       14.951558          4.94751971E-02
      5.46666667E-09       14.951599          4.94359893E-02
      5.47333333E-09       14.951641          4.93963493E-02
      5.48000000E-09       14.951683          4.93562779E-02
      5.48666667E-09       14.951726          4.93157759E-02
      5.49333333E-09       14.951769          4.92748440E-02
      5.50000000E-09       14.951813          4.92334830E-02
      5.50666667E-09       14.951857          4.91916938E-02
      5.51333333E-09       14.951901          4.91494771E-02
      5.52000000E-09       14.951946          4.91068338E-02
      5.52666667E-09       14.951991          4.90637646E-02
      5.53333333E-09       14.952037          4.90202704E-02
      5.54000000E-09       14.952083          4.89763520E-02
      5.54666667E-09       14.952129          4.89320102E-02
      5.55333333E-09       14.952176          4.88872460E-02
      5.56000000E-09       14.952224          4.88420601E-02
      5.56666667E-09       14.952271          4.87964534E-02
      5.57333333E-09       14.952320          4.87504268E-02
      5.58000000E-09       14.952368          4.87039813E-02
      5.58666667E-09       14.952417          4.86571175E-02
      5.59333333E-09       14.952467          4.86098366E-02
      5.60000000E-09       14.952516          4.85621393E-02
      5.60666667E-09       14.952567          4.85140265E-02
      5.61333333E-09       14.952617          4.84654993E-02
      5.62000000E-09       14.952668          4.84165585E-02
      5.62666667E-09       14.952720          4.83672050E-02
      5.63333333E-09       14.952772          4.83174398E-02
      5.64000000E-09       14.952824          4.82672639E-02
      5.64666667E-09       14.952877          4.82166782E-02
      5.65333333E-09       14.952930          4.81656836E-02
      5.66000000E-09       14.952984          4.81142811E-02
      5.66666667E-09       14.953037          4.80624718E-02
      5.67333333E-09       14.953092          4.80102566E-02
      5.68000000E-09       14.953147          4.79576364E-02
      5.68666667E-09       14.953202          4.79046124E-02
      5.69333333E-09       14.953257          4.78511855E-02
      5.70000000E-09       14.953313          4.77973566E-02
      5.70666667E-09       14.953369          4.77431270E-02
      5.71333333E-09       14.953426          4.76884975E-02
      5.72000000E-09       14.953483          4.76334692E-02
      5.72666667E-09       14.953541          4.75780431E-02
      5.73333333E-09       14.953599          4.75222204E-02
      5.74000000E-09       14.953657          4.74660021E-02
      5.74666667E-09       14.953716          4.74093892E-02
      5.75333333E-09       14.953775          4.73523828E-02
      5.76000000E-09       14.953834          4.72949840E-02
      5.76666667E-09       14.953894          4.72371939E-02
      5.77333333E-09       14.953955          4.71790136E-02
      5.78000000E-09       14.954015          4.71204441E-02
      5.78666667E-09       14.954076          4.70614867E-02
      5.79333333E-09       14.954138          4.70021424E-02
      5.80000000E-09       14.954199          4.69424123E-02
      5.80666667E-09       14.954262          4.68822976E-02
      5.81333333E-09       14.954324          4.68217994E-02
      5.82000000E-09       14.954387          4.67609189E-02
      5.82666667E-09       14.954450          4.66996572E-02
      5.83333333E-09       14.954514          4.66380155E-02
      5.84000000E-09       14.954578          4.65759949E-02
      5.84666667E-09       14.954643          4.65135966E-02
      5.85333333E-09       14.954708          4.64508219E-02
      5.86000000E-09       14.954773          4.63876718E-02
      5.86666667E-09       14.954838          4.63241476E-02
      5.87333333E-09       14.954904          4.62602505E-02
      5.88000000E-09       14.954971          4.61959817E-02
      5.88666667E-09       14.955037          4.61313424E-02
      5.89333333E-09       14.955104          4.60663338E-02
      5.90000000E-09       14.955172          4.60009572E-02
      5.90666667E-09       14.955239          4.59352138E-02
      5.91333333E-09       14.955308          4.58691049E-02
      5.92000000E-09       14.955376          4.58026316E-02
      5.92666667E-09       14.955445          4.57357953E-02
      5.93333333E-09       14.955514          4.56685972E-02
      5.94000000E-09       14.955584          4.56010386E-02
      5.94666667E-09       14.955654          4.55331207E-02
      5.95333333E-09       14.955724          4.54648449E-02
      5.96000000E-09       14.955795          4.53962125E-02
      5.96666667E-09       14.955866          4.53272246E-02
      5.97333333E-09       14.955937          4.52578827E-02
      5.98000000E-09       14.956009          4.51881880E-02
      5.98666667E-09       14.956081          4.51181419E-02
      5.99333333E-09       14.956153          4.50477457E-02
      6.00000000E-09       14.956226          4.49770007E-02
      6.00666667E-09       14.956299          4.49059082E-02
      6.01333333E-09       14.956372          4.48344696E-02
      6.02000000E-09       14.956446          4.47626862E-02
      6.02666667E-09       14.956520          4.46905595E-02
      6.03333333E-09       14.956594          4.46180906E-02
      6.04000000E-09       14.956669          4.45452811E-02
      6.04666667E-09       14.956744          4.44721323E-02
      6.05333333E-09       14.956820          4.43986456E-02
      6.06000000E-09       14.956896          4.43248223E-02
      6.06666667E-09       14.956972          4.42506638E-02
      6.07333333E-09       14.957048          4.41761716E-02
      6.08000000E-09       14.957125          4.41013470E-02
      6.08666667E-09       14.957202          4.40261915E-02
      6.09333333E-09       14.957279          4.39507065E-02
      6.10000000E-09       14.957357          4.38748933E-02
      6.10666667E-09       14.957435          4.37987535E-02
      6.11333333E-09       14.957514          4.37222885E-02
      6.12000000E-09       14.957592          4.36454996E-02
      6.12666667E-09       14.957671          4.35683884E-02
      6.13333333E-09       14.957751          4.34909563E-02
      6.14000000E-09       14.957830          4.34132047E-02
      6.14666667E-09       14.957910          4.33351352E-02
      6.15333333E-09       14.957991          4.32567491E-02
      6.16000000E-09       14.958071          4.31780480E-02
      6.16666667E-09       14.958152          4.30990334E-02
      6.17333333E-09       14.958233          4.30197067E-02
      6.18000000E-09       14.958315          4.29400694E-02
      6.18666667E-09       14.958397          4.28601230E-02
      6.19333333E-09       14.958479          4.27798691E-02
      6.20000000E-09       14.958561          4.26993091E-02
      6.20666667E-09       14.958644          4.26184445E-02
      6.21333333E-09       14.958727          4.25372770E-02
      6.22000000E-09       14.958810          4.24558079E-02
      6.22666667E-09       14.958894          4.23740388E-02
      6.23333333E-09       14.958978          4.22919714E-02
      6.24000000E-09       14.959062          4.22096070E-02
      6.24666667E-09       14.959147          4.21269473E-02
      6.25333333E-09       14.959231          4.20439938E-02
      6.26000000E-09       14.959317          4.19607481E-02
      6.26666667E-09       14.959402          4.18772117E-02
      6.27333333E-09       14.959488          4.17933863E-02
      6.28000000E-09       14.959574          4.17092733E-02
      6.28666667E-09       14.959660          4.16248744E-02
      6.29333333E-09       14.959746          4.15401911E-02
      6.30000000E-09       14.959833          4.14552251E-02
      6.30666667E-09       14.959920          4.13699779E-02
      6.31333333E-09       14.960007          4.12844512E-02
      6.32000000E-09       14.960095          4.11986465E-02
      6.32666667E-09       14.960183          4.11125654E-02
      6.33333333E-09       14.960271          4.10262097E-02
      6.34000000E-09       14.960360          4.09395808E-02
      6.34666667E-09       14.960448          4.08526804E-02
      6.35333333E-09       14.960537          4.07655102E-02
      6.36000000E-09       14.960626          4.06780718E-02
      6.36666667E-09       14.960716          4.05903668E-02
      6.37333333E-09       14.960806          4.05023969E-02
      6.38000000E-09       14.960896          4.04141638E-02
      6.38666667E-09       14.960986          4.03256690E-02
      6.39333333E-09       14.961076          4.02369142E-02
      6.40000000E-09       14.961167          4.01479012E-02
      6.40666667E-09       14.961258          4.00586315E-02
      6.41333333E-09       14.961349          3.99691069E-02
      6.42000000E-09       14.961441          3.98793291E-02
      6.42666667E-09       14.961533          3.97892996E-02
      6.43333333E-09       14.961625          3.96990203E-02
      6.44000000E-09       14.961717          3.96084927E-02
      6.44666667E-09       14.961810          3.95177187E-02
      6.45333333E-09       14.961902          3.94266999E-02
      6.46000000E-09       14.961995          3.93354379E-02
      6.46666667E-09       14.962088          3.92439346E-02
      6.47333333E-09       14.962182          3.91521916E-02
      6.48000000E-09       14.962276          3.90602107E-02
      6.48666667E-09       14.962370          3.89679936E-02
      6.49333333E-09       14.962464          3.88755419E-02
      6.50000000E-09       14.962558          3.87828575E-02
      6.50666667E-09       14.962653          3.86899421E-02
      6.51333333E-09       14.962748          3.85967974E-02
      6.52000000E-09       14.962843          3.85034252E-02
      6.52666667E-09       14.962938          3.84098271E-02
      6.53333333E-09       14.963033          3.83160051E-02
      6.54000000E-09       14.963129          3.82219608E-02
      6.54666667E-09       14.963225          3.81276959E-02
      6.55333333E-09       14.963321          3.80332123E-02
      6.56000000E-09       14.963418          3.79385118E-02
      6.56666667E-09       14.963514          3.78435960E-02
      6.57333333E-09       14.963611          3.77484668E-02
      6.58000000E-09       14.963708          3.76531260E-02
      6.58666667E-09       14.963805          3.75575753E-02
      6.59333333E-09       14.963902          3.74618166E-02
      6.60000000E-09       14.964000          3.73658515E-02
      6.60666667E-09       14.964098          3.72696820E-02
      6.61333333E-09       14.964196          3.71733098E-02
      6.62000000E-09       14.964294          3.70767368E-02
      6.62666667E-09       14.964392          3.69799647E-02
      6.63333333E-09       14.964491          3.68829953E-02
      6.64000000E-09       14.964590          3.67858305E-02
      6.64666667E-09       14.964689          3.66884721E-02
      6.65333333E-09       14.964788          3.65909218E-02
      6.66000000E-09       14.964887          3.64931817E-02
      6.66666667E-09       14.964987          3.63952533E-02
      6.67333333E-09       14.965086          3.62971387E-02
      6.68000000E-09       14.965186          3.61988396E-02
      6.68666667E-09       14.965286          3.61003578E-02
      6.69333333E-09       14.965387          3.60016953E-02
      6.70000000E-09       14.965487          3.59028538E-02
      6.70666667E-09       14.965588          3.58038352E-02
      6.71333333E-09       14.965688          3.57046414E-02
      6.72000000E-09       14.965789          3.56052742E-02
      6.72666667E-09       14.965890          3.55057354E-02
      6.73333333E-09       14.965992          3.54060270E-02
      6.74000000E-09       14.966093          3.53061508E-02
      6.74666667E-09       14.966194          3.52061087E-02
      6.75333333E-09       14.966296          3.51059025E-02
      6.76000000E-09       14.966398          3.50055341E-02
      6.76666667E-09       14.966500          3.49050053E-02
      6.77333333E-09       14.966602          3.48043182E-02
      6.78000000E-09       14.966705          3.47034745E-02
      6.78666667E-09       14.966807          3.46024761E-02
      6.79333333E-09       14.966910          3.45013250E-02
      6.80000000E-09       14.967013          3.44000230E-02
      6.80666667E-09       14.967116          3.42985720E-02
      6.81333333E-09       14.967219          3.41969739E-02
      6.82000000E-09       14.967322          3.40952305E-02
      6.82666667E-09       14.967425          3.39933439E-02
      6.83333333E-09       14.967529          3.38913159E-02
      6.84000000E-09       14.967632          3.37891484E-02
      6.84666667E-09       14.967736          3.36868434E-02
      6.85333333E-09       14.967840          3.35844027E-02
      6.86000000E-09       14.967944          3.34818282E-02
      6.86666667E-09       14.968048          3.33791219E-02
      6.87333333E-09       14.968153          3.32762857E-02
      6.88000000E-09       14.968257          3.31733215E-02
      6.88666667E-09       14.968361          3.30702312E-02
      6.89333333E-09       14.968466          3.29670167E-02
      6.90000000E-09       14.968571          3.28636801E-02
      6.90666667E-09       14.968676          3.27602232E-02
      6.91333333E-09       14.968781          3.26566479E-02
      6.92000000E-09       14.968886          3.25529562E-02
      6.92666667E-09       14.968991          3.24491500E-02
      6.93333333E-09       14.969096          3.23452313E-02
      6.94000000E-09       14.969202          3.22412020E-02
      6.94666667E-09       14.969307          3.21370640E-02
      6.95333333E-09       14.969413          3.20328193E-02
      6.96000000E-09       14.969519          3.19284698E-02
      6.96666667E-09       14.969625          3.18240175E-02
      6.97333333E-09       14.969730          3.17194643E-02
      6.98000000E-09       14.969836          3.16148122E-02
      6.98666667E-09       14.969943          3.15100632E-02
      6.99333333E-09       14.970049          3.14052191E-02
      7.00000000E-09       14.970155          3.13002820E-02
      7.00666667E-09       14.970261          3.11952538E-02
      7.01333333E-09       14.970368          3.10901365E-02
      7.02000000E-09       14.970474          3.09849319E-02
      7.02666667E-09       14.970581          3.08796422E-02
      7.03333333E-09       14.970688          3.07742693E-02
      7.04000000E-09       14.970795          3.06688150E-02
      7.04666667E-09       14.970901          3.05632815E-02
      7.05333333E-09       14.971008          3.04576706E-02
      7.06000000E-09       14.971115          3.03519843E-02
      7.06666667E-09       14.971222          3.02462246E-02
      7.07333333E-09       14.971330          3.01403935E-02
      7.08000000E-09       14.971437          3.00344930E-02
      7.08666667E-09       14.971544          2.99285250E-02
      7.09333333E-09       14.971651          2.98224915E-02
      7.10000000E-09       14.971759          2.97163945E-02
      7.10666667E-09       14.971866          2.96102359E-02
      7.11333333E-09       14.971974          2.95040177E-02
      7.12000000E-09       14.972081          2.93977420E-02
      7.12666667E-09       14.972189          2.92914107E-02
      7.13333333E-09       14.972296          2.91850258E-02
      7.14000000E-09       14.972404          2.90785892E-02
      7.14666667E-09       14.972512          2.89721030E-02
      7.15333333E-09       14.972620          2.88655692E-02
      7.16000000E-09       14.972727          2.87589896E-02
      7.16666667E-09       14.972835          2.86523664E-02
      7.17333333E-09       14.972943          2.85457015E-02
      7.18000000E-09       14.973051          2.84389969E-02
      7.18666667E-09       14.973159          2.83322545E-02
      7.19333333E-09       14.973267          2.82254764E-02
      7.20000000E-09       14.973375          2.81186646E-02
      7.20666667E-09       14.973483          2.80118210E-02
      7.21333333E-09       14.973591          2.79049477E-02
      7.22000000E-09       14.973699          2.77980466E-02
      7.22666667E-09       14.973807          2.76911197E-02
      7.23333333E-09       14.973915          2.75841691E-02
      7.24000000E-09       14.974024          2.74771966E-02
      7.24666667E-09       14.974132          2.73702044E-02
      7.25333333E-09       14.974240          2.72631944E-02
      7.26000000E-09       14.974348          2.71561685E-02
      7.26666667E-09       14.974456          2.70491289E-02
      7.27333333E-09       14.974565          2.69420774E-02
      7.28000000E-09       14.974673          2.68350161E-02
      7.28666667E-09       14.974781          2.67279470E-02
      7.29333333E-09       14.974889          2.66208720E-02
      7.30000000E-09       14.974997          2.65137933E-02
      7.30666667E-09       14.975106          2.64067126E-02
      7.31333333E-09       14.975214          2.62996321E-02
      7.32000000E-09       14.975322          2.61925538E-02
      7.32666667E-09       14.975430          2.60854796E-02
      7.33333333E-09       14.975538          2.59784116E-02
      7.34000000E-09       14.975647          2.58713516E-02
      7.34666667E-09       14.975755          2.57643018E-02
      7.35333333E-09       14.975863          2.56572641E-02
      7.36000000E-09       14.975971          2.55502405E-02
      7.36666667E-09       14.976079          2.54432331E-02
      7.37333333E-09       14.976187          2.53362437E-02
      7.38000000E-09       14.976295          2.52292744E-02
      7.38666667E-09       14.976403          2.51223272E-02
      7.39333333E-09       14.976511          2.50154040E-02
      7.40000000E-09       14.976619          2.49085070E-02
      7.40666667E-09       14.976727          2.48016379E-02
      7.41333333E-09       14.976835          2.46947989E-02
      7.42000000E-09       14.976943          2.45879920E-02
      7.42666667E-09       14.977051          2.44812190E-02
      7.43333333E-09       14.977158          2.43744821E-02
      7.44000000E-09       14.977266          2.42677832E-02
      7.44666667E-09       14.977374          2.41611242E-02
      7.45333333E-09       14.977481          2.40545072E-02
      7.46000000E-09       14.977589          2.39479342E-02
      7.46666667E-09       14.977697          2.38414071E-02
      7.47333333E-09       14.977804          2.37349279E-02
      7.48000000E-09       14.977911          2.36284986E-02
      7.48666667E-09       14.978019          2.35221211E-02
      7.49333333E-09       14.978126          2.34157976E-02
      7.50000000E-09       14.978233          2.33095298E-02
      7.50666667E-09       14.978341          2.32033199E-02
      7.51333333E-09       14.978448          2.30971698E-02
      7.52000000E-09       14.978555          2.29910814E-02
      7.52666667E-09       14.978662          2.28850568E-02
      7.53333333E-09       14.978769          2.27790978E-02
      7.54000000E-09       14.978876          2.26732066E-02
      7.54666667E-09       14.978982          2.25673850E-02
      7.55333333E-09       14.979089          2.24616350E-02
      7.56000000E-09       14.979196          2.23559586E-02
      7.56666667E-09       14.979302          2.22503578E-02
      7.57333333E-09       14.979409          2.21448345E-02
      7.58000000E-09       14.979515          2.20393906E-02
      7.58666667E-09       14.979621          2.19340282E-02
      7.59333333E-09       14.979727          2.18287492E-02
      7.60000000E-09       14.979834          2.17235556E-02
      7.60666667E-09       14.979940          2.16184492E-02
      7.61333333E-09       14.980046          2.15134322E-02
      7.62000000E-09       14.980151          2.14085063E-02
      7.62666667E-09       14.980257          2.13036737E-02
      7.63333333E-09       14.980363          2.11989361E-02
      7.64000000E-09       14.980468          2.10942956E-02
      7.64666667E-09       14.980574          2.09897541E-02
      7.65333333E-09       14.980679          2.08853136E-02
      7.66000000E-09       14.980784          2.07809760E-02
      7.66666667E-09       14.980889          2.06767432E-02
      7.67333333E-09       14.980994          2.05726172E-02
      7.68000000E-09       14.981099          2.04685999E-02
      7.68666667E-09       14.981204          2.03646932E-02
      7.69333333E-09       14.981309          2.02608992E-02
      7.70000000E-09       14.981413          2.01572196E-02
      7.70666667E-09       14.981517          2.00536565E-02
      7.71333333E-09       14.981622          1.99502117E-02
      7.72000000E-09       14.981726          1.98468872E-02
      7.72666667E-09       14.981830          1.97436848E-02
      7.73333333E-09       14.981934          1.96406067E-02
      7.74000000E-09       14.982038          1.95376545E-02
      7.74666667E-09       14.982141          1.94348303E-02
      7.75333333E-09       14.982245          1.93321359E-02
      7.76000000E-09       14.982348          1.92295733E-02
      7.76666667E-09       14.982451          1.91271444E-02
      7.77333333E-09       14.982554          1.90248510E-02
      7.78000000E-09       14.982657          1.89226951E-02
      7.78666667E-09       14.982760          1.88206786E-02
      7.79333333E-09       14.982863          1.87188034E-02
      7.80000000E-09       14.982965          1.86170713E-02
      7.80666667E-09       14.983068          1.85154842E-02
      7.81333333E-09       14.983170          1.84140441E-02
      7.82000000E-09       14.983272          1.83127528E-02
      7.82666667E-09       14.983374          1.82116122E-02
      7.83333333E-09       14.983476          1.81106242E-02
      7.84000000E-09       14.983577          1.80097906E-02
      7.84666667E-09       14.983679          1.79091134E-02
      7.85333333E-09       14.983780          1.78085943E-02
      7.86000000E-09       14.983881          1.77082353E-02
      7.86666667E-09       14.983982          1.76080383E-02
      7.87333333E-09       14.984083          1.75080050E-02
      7.88000000E-09       14.984183          1.74081373E-02
      7.88666667E-09       14.984284          1.73084372E-02
      7.89333333E-09       14.984384          1.72089064E-02
      7.90000000E-09       14.984484          1.71095468E-02
      7.90666667E-09       14.984584          1.70103602E-02
      7.91333333E-09       14.984683          1.69113486E-02
      7.92000000E-09       14.984783          1.68125136E-02
      7.92666667E-09       14.984882          1.67138572E-02
      7.93333333E-09       14.984981          1.66153812E-02
      7.94000000E-09       14.985080          1.65170873E-02
      7.94666667E-09       14.985179          1.64189776E-02
      7.95333333E-09       14.985278          1.63210536E-02
      7.96000000E-09       14.985376          1.62233174E-02
      7.96666667E-09       14.985474          1.61257706E-02
      7.97333333E-09       14.985572          1.60284152E-02
      7.98000000E-09       14.985670          1.59312528E-02
      7.98666667E-09       14.985768          1.58342853E-02
      7.99333333E-09       14.985865          1.57375146E-02
      8.00000000E-09       14.985963          1.56409423E-02
      8.00666667E-09       14.986060          1.55445704E-02
      8.01333333E-09       14.986156          1.54484005E-02
      8.02000000E-09       14.986253          1.53524345E-02
      8.02666667E-09       14.986349          1.52566741E-02
      8.03333333E-09       14.986445          1.51611212E-02
      8.04000000E-09       14.986541          1.50657774E-02
      8.04666667E-09       14.986637          1.49706447E-02
      8.05333333E-09       14.986733          1.48757246E-02
      8.06000000E-09       14.986828          1.47810190E-02
      8.06666667E-09       14.986923          1.46865297E-02
      8.07333333E-09       14.987018          1.45922583E-02
      8.08000000E-09       14.987113          1.44982068E-02
      8.08666667E-09       14.987207          1.44043766E-02
      8.09333333E-09       14.987301          1.43107698E-02
      8.10000000E-09       14.987395          1.42173879E-02
      8.10666667E-09       14.987489          1.41242326E-02
      8.11333333E-09       14.987582          1.40313058E-02
      8.12000000E-09       14.987676          1.39386092E-02
      8.12666667E-09       14.987769          1.38461444E-02
      8.13333333E-09       14.987861          1.37539132E-02
      8.14000000E-09       14.987954          1.36619172E-02
      8.14666667E-09       14.988046          1.35701583E-02
      8.15333333E-09       14.988138          1.34786380E-02
      8.16000000E-09       14.988230          1.33873582E-02
      8.16666667E-09       14.988322          1.32963204E-02
      8.17333333E-09       14.988413          1.32055264E-02
      8.18000000E-09       14.988504          1.31149778E-02
      8.18666667E-09       14.988595          1.30246764E-02
      8.19333333E-09       14.988685          1.29346238E-02
      8.20000000E-09       14.988776          1.28448216E-02
      8.20666667E-09       14.988866          1.27552716E-02
      8.21333333E-09       14.988956          1.26659753E-02
      8.22000000E-09       14.989045          1.25769346E-02
      8.22666667E-09       14.989134          1.24881509E-02
      8.23333333E-09       14.989223          1.23996259E-02
      8.24000000E-09       14.989312          1.23113613E-02
      8.24666667E-09       14.989401          1.22233588E-02
      8.25333333E-09       14.989489          1.21356199E-02
      8.26000000E-09       14.989577          1.20481463E-02
      8.26666667E-09       14.989664          1.19609395E-02
      8.27333333E-09       14.989752          1.18740013E-02
      8.28000000E-09       14.989839          1.17873332E-02
      8.28666667E-09       14.989926          1.17009368E-02
      8.29333333E-09       14.990012          1.16148137E-02
      8.30000000E-09       14.990099          1.15289655E-02
      8.30666667E-09       14.990185          1.14433939E-02
      8.31333333E-09       14.990271          1.13581003E-02
      8.32000000E-09       14.990356          1.12730864E-02
      8.32666667E-09       14.990441          1.11883538E-02
      8.33333333E-09       14.990526          1.11039040E-02
      8.34000000E-09       14.990611          1.10197385E-02
      8.34666667E-09       14.990695          1.09358590E-02
      8.35333333E-09       14.990779          1.08522669E-02
      8.36000000E-09       14.990863          1.07689639E-02
      8.36666667E-09       14.990946          1.06859515E-02
      8.37333333E-09       14.991029          1.06032312E-02
      8.38000000E-09       14.991112          1.05208045E-02
      8.38666667E-09       14.991195          1.04386730E-02
      8.39333333E-09       14.991277          1.03568382E-02
      8.40000000E-09       14.991359          1.02753015E-02
      8.40666667E-09       14.991440          1.01940646E-02
      8.41333333E-09       14.991522          1.01131289E-02
      8.42000000E-09       14.991603          1.00324959E-02
      8.42666667E-09       14.991683          9.95216713E-03
      8.43333333E-09       14.991764          9.87214402E-03
      8.44000000E-09       14.991844          9.79242809E-03
      8.44666667E-09       14.991924          9.71302079E-03
      8.45333333E-09       14.992003          9.63392361E-03
      8.46000000E-09       14.992082          9.55513801E-03
      8.46666667E-09       14.992161          9.47666543E-03
      8.47333333E-09       14.992240          9.39850733E-03
      8.48000000E-09       14.992318          9.32066517E-03
      8.48666667E-09       14.992396          9.24314037E-03
      8.49333333E-09       14.992473          9.16593436E-03
      8.50000000E-09       14.992550          9.08904859E-03
      8.50666667E-09       14.992627          9.01248447E-03
      8.51333333E-09       14.992704          8.93624341E-03
      8.52000000E-09       14.992780          8.86032682E-03
      8.52666667E-09       14.992856          8.78473611E-03
      8.53333333E-09       14.992932          8.70947267E-03
      8.54000000E-09       14.993007          8.63453790E-03
      8.54666667E-09       14.993082          8.55993318E-03
      8.55333333E-09       14.993156          8.48565989E-03
      8.56000000E-09       14.993231          8.41171940E-03
      8.56666667E-09       14.993305          8.33811307E-03
      8.57333333E-09       14.993378          8.26484228E-03
      8.58000000E-09       14.993451          8.19190836E-03
      8.58666667E-09       14.993524          8.11931267E-03
      8.59333333E-09       14.993597          8.04705656E-03
      8.60000000E-09       14.993669          7.97514134E-03
      8.60666667E-09       14.993741          7.90356836E-03
      8.61333333E-09       14.993812          7.83233893E-03
      8.62000000E-09       14.993884          7.76145438E-03
      8.62666667E-09       14.993954          7.69091600E-03
      8.63333333E-09       14.994025          7.62072510E-03
      8.64000000E-09       14.994095          7.55088298E-03
      8.64666667E-09       14.994165          7.48139093E-03
      8.65333333E-09       14.994234          7.41225023E-03
      8.66000000E-09       14.994303          7.34346216E-03
      8.66666667E-09       14.994372          7.27502798E-03
      8.67333333E-09       14.994440          7.20694896E-03
      8.68000000E-09       14.994508          7.13922636E-03
      8.68666667E-09       14.994576          7.07186142E-03
      8.69333333E-09       14.994643          7.00485539E-03
      8.70000000E-09       14.994710          6.93820951E-03
      8.70666667E-09       14.994776          6.87192501E-03
      8.71333333E-09       14.994843          6.80600310E-03
      8.72000000E-09       14.994908          6.74044501E-03
      8.72666667E-09       14.994974          6.67525195E-03
      8.73333333E-09       14.995039          6.61042511E-03
      8.74000000E-09       14.995103          6.54596569E-03
      8.74666667E-09       14.995168          6.48187488E-03
      8.75333333E-09       14.995232          6.41815387E-03
      8.76000000E-09       14.995295          6.35480383E-03
      8.76666667E-09       14.995358          6.29182592E-03
      8.77333333E-09       14.995421          6.22922132E-03
      8.78000000E-09       14.995484          6.16699116E-03
      8.78666667E-09       14.995546          6.10513661E-03
      8.79333333E-09       14.995607          6.04365879E-03
      8.80000000E-09       14.995669          5.98255885E-03
      8.80666667E-09       14.995730          5.92183790E-03
      8.81333333E-09       14.995790          5.86149708E-03
      8.82000000E-09       14.995850          5.80153749E-03
      8.82666667E-09       14.995910          5.74196023E-03
      8.83333333E-09       14.995970          5.68276640E-03
      8.84000000E-09       14.996029          5.62395710E-03
      8.84666667E-09       14.996087          5.56553340E-03
      8.85333333E-09       14.996145          5.50749639E-03
      8.86000000E-09       14.996203          5.44984713E-03
      8.86666667E-09       14.996261          5.39258668E-03
      8.87333333E-09       14.996318          5.33571610E-03
      8.88000000E-09       14.996374          5.27923644E-03
      8.88666667E-09       14.996431          5.22314873E-03
      8.89333333E-09       14.996486          5.16745401E-03
      8.90000000E-09       14.996542          5.11215330E-03
      8.90666667E-09       14.996597          5.05724762E-03
      8.91333333E-09       14.996652          5.00273798E-03
      8.92000000E-09       14.996706          4.94862539E-03
      8.92666667E-09       14.996760          4.89491084E-03
      8.93333333E-09       14.996813          4.84159532E-03
      8.94000000E-09       14.996866          4.78867980E-03
      8.94666667E-09       14.996919          4.73616527E-03
      8.95333333E-09       14.996971          4.68405269E-03
      8.96000000E-09       14.997023          4.63234301E-03
      8.96666667E-09       14.997074          4.58103719E-03
      8.97333333E-09       14.997125          4.53013617E-03
      8.98000000E-09       14.997176          4.47964089E-03
      8.98666667E-09       14.997226          4.42955227E-03
      8.99333333E-09       14.997276          4.37987124E-03
      9.00000000E-09       14.997325          4.33059871E-03
      9.00666667E-09       14.997374          4.28173558E-03
      9.01333333E-09       14.997423          4.23328275E-03
      9.02000000E-09       14.997471          4.18524111E-03
      9.02666667E-09       14.997519          4.13761155E-03
      9.03333333E-09       14.997566          4.09039494E-03
      9.04000000E-09       14.997613          4.04359215E-03
      9.04666667E-09       14.997660          3.99720402E-03
      9.05333333E-09       14.997706          3.95123143E-03
      9.06000000E-09       14.997751          3.90567521E-03
      9.06666667E-09       14.997797          3.86053619E-03
      9.07333333E-09       14.997841          3.81581522E-03
      9.08000000E-09       14.997886          3.77151309E-03
      9.08666667E-09       14.997930          3.72763064E-03
      9.09333333E-09       14.997973          3.68416866E-03
      9.10000000E-09       14.998016          3.64112795E-03
      9.10666667E-09       14.998059          3.59850930E-03
      9.11333333E-09       14.998101          3.55631349E-03
      9.12000000E-09       14.998143          3.51454129E-03
      9.12666667E-09       14.998185          3.47319348E-03
      9.13333333E-09       14.998226          3.43227081E-03
      9.14000000E-09       14.998266          3.39177402E-03
      9.14666667E-09       14.998307          3.35170386E-03
      9.15333333E-09       14.998346          3.31206107E-03
      9.16000000E-09       14.998386          3.27284636E-03
      9.16666667E-09       14.998424          3.23406047E-03
      9.17333333E-09       14.998463          3.19570409E-03
      9.18000000E-09       14.998501          3.15777793E-03
      9.18666667E-09       14.998538          3.12028268E-03
      9.19333333E-09       14.998575          3.08321904E-03
      9.20000000E-09       14.998612          3.04658767E-03
      9.20666667E-09       14.998648          3.01038925E-03
      9.21333333E-09       14.998684          2.97462443E-03
      9.22000000E-09       14.998720          2.93929388E-03
      9.22666667E-09       14.998755          2.90439824E-03
      9.23333333E-09       14.998789          2.86993814E-03
      9.24000000E-09       14.998823          2.83591422E-03
      9.24666667E-09       14.998857          2.80232710E-03
      9.25333333E-09       14.998890          2.76917738E-03
      9.26000000E-09       14.998923          2.73646568E-03
      9.26666667E-09       14.998955          2.70419259E-03
      9.27333333E-09       14.998987          2.67235870E-03
      9.28000000E-09       14.999018          2.64096459E-03
      9.28666667E-09       14.999049          2.61001084E-03
      9.29333333E-09       14.999080          2.57949800E-03
      9.30000000E-09       14.999110          2.54942663E-03
      9.30666667E-09       14.999140          2.51979729E-03
      9.31333333E-09       14.999169          2.49061050E-03
      9.32000000E-09       14.999198          2.46186681E-03
      9.32666667E-09       14.999226          2.43356673E-03
      9.33333333E-09       14.999254          2.40571079E-03
      9.34000000E-09       14.999281          2.37829947E-03
      9.34666667E-09       14.999308          2.35133329E-03
      9.35333333E-09       14.999335          2.32481274E-03
      9.36000000E-09       14.999361          2.29873829E-03
      9.36666667E-09       14.999387          2.27311042E-03
      9.37333333E-09       14.999412          2.24792959E-03
      9.38000000E-09       14.999437          2.22319627E-03
      9.38666667E-09       14.999461          2.19891089E-03
      9.39333333E-09       14.999485          2.17507390E-03
      9.40000000E-09       14.999508          2.15168574E-03
      9.40666667E-09       14.999531          2.12874681E-03
      9.41333333E-09       14.999554          2.10625755E-03
      9.42000000E-09       14.999576          2.08421835E-03
      9.42666667E-09       14.999597          2.06262962E-03
      9.43333333E-09       14.999619          2.04149174E-03
      9.44000000E-09       14.999639          2.02080510E-03
      9.44666667E-09       14.999660          2.00057007E-03
      9.45333333E-09       14.999679          1.98078701E-03
      9.46000000E-09       14.999699          1.96145628E-03
      9.46666667E-09       14.999718          1.94257822E-03
      9.47333333E-09       14.999736          1.92415319E-03
      9.48000000E-09       14.999754          1.90618150E-03
      9.48666667E-09       14.999772          1.88866349E-03
      9.49333333E-09       14.999789          1.87159946E-03
      9.50000000E-09       14.999805          1.85498972E-03
      9.50666667E-09       14.999821          1.83883457E-03
      9.51333333E-09       14.999837          1.82313430E-03
      9.52000000E-09       14.999852          1.80788918E-03
      9.52666667E-09       14.999867          1.79309950E-03
      9.53333333E-09       14.999881          1.77876550E-03
      9.54000000E-09       14.999895          1.76488746E-03
      9.54666667E-09       14.999909          1.75146561E-03
      9.55333333E-09       14.999922          1.73850020E-03
      9.56000000E-09       14.999934          1.72599145E-03
      9.56666667E-09       14.999946          1.71393958E-03
      9.57333333E-09       14.999958          1.70234481E-03
      9.58000000E-09       14.999969          1.69120734E-03
      9.58666667E-09       14.999980          1.68052736E-03
      9.59333333E-09       14.999990          1.67030507E-03
      9.60000000E-09       15.000000          1.66054064E-03
      9.60666667E-09       15.000009          1.65123424E-03
      9.61333333E-09       15.000018          1.64238604E-03
      9.62000000E-09       15.000026          1.63399619E-03
      9.62666667E-09       15.000034          1.62606482E-03
      9.63333333E-09       15.000042          1.61859209E-03
      9.64000000E-09       15.000049          1.61157811E-03
      9.64666667E-09       15.000055          1.60502300E-03
      9.65333333E-09       15.000061          1.59892688E-03
      9.66000000E-09       15.000067          1.59328984E-03
      9.66666667E-09       15.000072          1.58811199E-03
      9.67333333E-09       15.000077          1.58339340E-03
      9.68000000E-09       15.000081          1.57913416E-03
      9.68666667E-09       15.000085          1.57533432E-03
      9.69333333E-09       15.000088          1.57199395E-03
      9.70000000E-09       15.000091          1.56911311E-03
      9.70666667E-09       15.000094          1.56669182E-03
      9.71333333E-09       15.000095          1.56473014E-03
      9.72000000E-09       15.000097          1.56322807E-03
      9.72666667E-09       15.000098          1.56218564E-03
      9.73333333E-09       15.000099          1.56160286E-03
      9.74000000E-09       15.000099          1.56147972E-03
      9.74666667E-09       15.000098          1.56181622E-03
      9.75333333E-09       15.000098          1.56261235E-03
      9.76000000E-09       15.000096          1.56386806E-03
      9.76666667E-09       15.000095          1.56558333E-03
      9.77333333E-09       15.000092          1.56775813E-03
      9.78000000E-09       15.000090          1.57039238E-03
      9.78666667E-09       15.000087          1.57348604E-03
      9.79333333E-09       15.000083          1.57703904E-03
      9.80000000E-09       15.000079          1.58105129E-03
      9.80666667E-09       15.000075          1.58552272E-03
      9.81333333E-09       15.000070          1.59045323E-03
      9.82000000E-09       15.000064          1.59584272E-03
      9.82666667E-09       15.000058          1.60169107E-03
      9.83333333E-09       15.000052          1.60799817E-03
      9.84000000E-09       15.000045          1.61476388E-03
      9.84666667E-09       15.000038          1.62198808E-03
      9.85333333E-09       15.000030          1.62967061E-03
      9.86000000E-09       15.000022          1.63781132E-03
      9.86666667E-09       15.000014          1.64641006E-03
      9.87333333E-09       15.000005          1.65546664E-03
      9.88000000E-09       14.999995          1.66498089E-03
      9.88666667E-09       14.999985          1.67495263E-03
      9.89333333E-09       14.999975          1.68538165E-03
      9.90000000E-09       14.999964          1.69626775E-03
      9.90666667E-09       14.999953          1.70761073E-03
      9.91333333E-09       14.999941          1.71941035E-03
      9.92000000E-09       14.999928          1.73166638E-03
      9.92666667E-09       14.999916          1.74437860E-03
      9.93333333E-09       14.999903          1.75754674E-03
      9.94000000E-09       14.999889          1.77117056E-03
      9.94666667E-09       14.999875          1.78524980E-03
      9.95333333E-09       14.999860          1.79978417E-03
      9.96000000E-09       14.999845          1.81477340E-03
      9.96666667E-09       14.999830          1.83021720E-03
      9.97333333E-09       14.999814          1.84611528E-03
      9.98000000E-09       14.999798          1.86246732E-03
      9.98666667E-09       14.999781          1.87927301E-03
      9.99333333E-09       14.999764          1.89653203E-03
      1.00000000E-08       14.999746          1.91424405E-03
      1.00066667E-08       14.999728          1.93240873E-03
