7.979092e-07 8.511453e-11 4.060026e+06 4.060026e+06 3.731668e+06 1.512821e+05 2.500295e-09 -3.024316e-12
8.055083e-07 5.358149e-12 6.571606e+06 6.571606e+06 4.661761e+06 9.600532e+03 2.500027e-09 -6.091243e-14
8.131074e-07 5.810843e-11 1.315955e+07 1.315955e+07 6.480950e+06 1.025923e+05 2.502982e-09 -7.318025e-13
8.207066e-07 4.698098e-10 2.957764e+07 2.957764e+07 9.490805e+06 8.356740e+05 2.500135e-09 -8.850982e-14
8.283057e-07 1.942309e-09 9.024579e+07 9.024579e+07 1.598167e+07 3.442431e+06 2.501655e-09 2.470960e-12
8.359049e-07 3.357409e-08 1.264544e+09 1.264544e+09 1.286568e+07 5.865910e+07 2.500195e-09 6.416650e-15
8.435040e-07 9.687910e-10 1.136310e+08 1.136310e+08 -1.758715e+07 1.660598e+06 2.498261e-09 2.199362e-12
8.511031e-07 7.118067e-10 3.569158e+07 3.569158e+07 -9.654835e+06 1.221035e+06 2.500123e-09 9.246070e-14
8.587023e-07 2.536565e-10 1.832356e+07 1.832356e+07 -6.829036e+06 4.338239e+05 2.497489e-09 -1.053261e-12
8.663014e-07 1.744949e-11 1.015638e+07 1.015638e+07 -5.010465e+06 2.931390e+04 2.500019e-09 5.051177e-14
