5.250000e+00 3.277633e-15 1.089290e-05 1.089290e-05
5.260000e+00 3.026142e-15 1.114770e-05 1.114770e-05
5.270000e+00 2.528764e-15 1.093331e-05 1.093331e-05
5.280000e+00 1.881045e-15 1.025613e-05 1.025613e-05
5.290000e+00 1.190784e-15 9.341219e-06 9.341219e-06
5.300000e+00 5.078790e-16 8.291302e-06 8.291302e-06
5.310000e+00 -1.295666e-16 7.107297e-06 7.107297e-06
5.320000e+00 -6.759920e-16 5.809543e-06 5.809543e-06
5.330000e+00 -1.072094e-15 4.420849e-06 4.420849e-06
5.340000e+00 -1.254560e-15 3.056849e-06 3.056849e-06
5.350000e+00 -1.219642e-15 1.901781e-06 1.901781e-06
5.360000e+00 -1.006016e-15 1.044528e-06 1.044528e-06
5.370000e+00 -6.576656e-16 5.014045e-07 5.014045e-07
5.380000e+00 -2.479094e-16 2.635553e-07 2.635553e-07
5.390000e+00 1.505837e-16 2.741054e-07 2.741054e-07
5.400000e+00 5.042003e-16 4.581762e-07 4.581762e-07
5.410000e+00 8.028059e-16 7.572798e-07 7.572798e-07
5.420000e+00 1.036591e-15 1.123707e-06 1.123707e-06
5.430000e+00 1.177262e-15 1.484540e-06 1.484540e-06
5.440000e+00 1.196659e-15 1.741239e-06 1.741239e-06
5.450000e+00 1.104976e-15 1.835097e-06 1.835097e-06
5.460000e+00 9.360621e-16 1.750413e-06 1.750413e-06
5.470000e+00 7.385036e-16 1.501088e-06 1.501088e-06
5.480000e+00 5.786239e-16 1.176004e-06 1.176004e-06
5.490000e+00 4.979876e-16 8.936713e-07 8.936713e-07
