 #eV,sig_abs,sig_scatt,sig_tot
    5.0196078431E+00    0.0000000000E+00    7.2515775624E+30    7.2515775624E+30
    5.0392156863E+00    0.0000000000E+00    7.3655490941E+30    7.3655490941E+30
    5.0588235294E+00    0.0000000000E+00    7.4808588265E+30    7.4808588265E+30
    5.0784313725E+00    0.0000000000E+00    7.5975171937E+30    7.5975171937E+30
    5.0980392157E+00    0.0000000000E+00    7.7155346706E+30    7.7155346706E+30
    5.1176470588E+00    0.0000000000E+00    7.8349217724E+30    7.8349217724E+30
    5.1372549020E+00    0.0000000000E+00    7.9556890549E+30    7.9556890549E+30
    5.1568627451E+00    0.0000000000E+00    8.0778471144E+30    8.0778471144E+30
    5.1764705882E+00    0.0000000000E+00    8.2014065879E+30    8.2014065879E+30
    5.1960784314E+00    0.0000000000E+00    8.3263781527E+30    8.3263781527E+30
    5.2156862745E+00    0.0000000000E+00    8.4527725266E+30    8.4527725266E+30
    5.2352941176E+00    0.0000000000E+00    8.5806004682E+30    8.5806004682E+30
    5.2549019608E+00    0.0000000000E+00    8.7098727763E+30    8.7098727763E+30
    5.2745098039E+00    0.0000000000E+00    8.8406002904E+30    8.8406002904E+30
    5.2941176471E+00    0.0000000000E+00    8.9727938904E+30    8.9727938904E+30
    5.3137254902E+00    0.0000000000E+00    9.1064644970E+30    9.1064644970E+30
    5.3333333333E+00    0.0000000000E+00    9.2416230711E+30    9.2416230711E+30
    5.3529411765E+00    0.0000000000E+00    9.3782806142E+30    9.3782806142E+30
    5.3725490196E+00    0.0000000000E+00    9.5164481685E+30    9.5164481685E+30
    5.3921568627E+00    0.0000000000E+00    9.6561368164E+30    9.6561368164E+30
    5.4117647059E+00    0.0000000000E+00    9.7973576812E+30    9.7973576812E+30
    5.4313725490E+00    0.0000000000E+00    9.9401219265E+30    9.9401219265E+30
    5.4509803922E+00    0.0000000000E+00    1.0084440756E+31    1.0084440756E+31
    5.4705882353E+00    0.0000000000E+00    1.0230325415E+31    1.0230325415E+31
    5.4901960784E+00    0.0000000000E+00    1.0377787189E+31    1.0377787189E+31
    5.5098039216E+00    0.0000000000E+00    1.0526837403E+31    1.0526837403E+31
    5.5294117647E+00    0.0000000000E+00    1.0677487423E+31    1.0677487423E+31
    5.5490196078E+00    0.0000000000E+00    1.0829748656E+31    1.0829748656E+31
    5.5686274510E+00    2.7121648659E-14    1.0983632550E+31    1.0983632550E+31
    5.5882352941E+00    0.0000000000E+00    1.1139150592E+31    1.1139150592E+31
    5.6078431373E+00    0.0000000000E+00    1.1296314311E+31    1.1296314311E+31
    5.6274509804E+00    0.0000000000E+00    1.1455135275E+31    1.1455135275E+31
    5.6470588235E+00    0.0000000000E+00    1.1615625094E+31    1.1615625094E+31
    5.6666666667E+00    0.0000000000E+00    1.1777795418E+31    1.1777795418E+31
    5.6862745098E+00    0.0000000000E+00    1.1941657937E+31    1.1941657937E+31
    5.7058823529E+00    0.0000000000E+00    1.2107224382E+31    1.2107224382E+31
    5.7254901961E+00    0.0000000000E+00    1.2274506524E+31    1.2274506524E+31
    5.7450980392E+00    0.0000000000E+00    1.2443516176E+31    1.2443516176E+31
    5.7647058824E+00    0.0000000000E+00    1.2614265189E+31    1.2614265189E+31
    5.7843137255E+00    0.0000000000E+00    1.2786765458E+31    1.2786765458E+31
    5.8039215686E+00    0.0000000000E+00    1.2961028915E+31    1.2961028915E+31
    5.8235294118E+00    0.0000000000E+00    1.3137067535E+31    1.3137067535E+31
    5.8431372549E+00    0.0000000000E+00    1.3314893332E+31    1.3314893332E+31
    5.8627450980E+00    0.0000000000E+00    1.3494518361E+31    1.3494518361E+31
    5.8823529412E+00    0.0000000000E+00    1.3675954718E+31    1.3675954718E+31
    5.9019607843E+00    0.0000000000E+00    1.3859214539E+31    1.3859214539E+31
    5.9215686275E+00    0.0000000000E+00    1.4044310001E+31    1.4044310001E+31
    5.9411764706E+00    0.0000000000E+00    1.4231253320E+31    1.4231253320E+31
    5.9607843137E+00    0.0000000000E+00    1.4420056755E+31    1.4420056755E+31
    5.9803921569E+00    0.0000000000E+00    1.4610732604E+31    1.4610732604E+31
